212.800000	75.600000	5.200000	3.200000
210.339631	75.676271	7.600000	6.600000
205.644802	74.944431	8.800000	8.300000
203.454850	74.271812	9.400000	9.150000
200.943122	73.212773	9.700000	9.575000
199.056287	72.053954	9.850000	9.787500
198.441389	72.381058	9.925000	9.893750
200.795752	72.123944	9.962500	9.946875
201.000441	71.720113	9.981250	9.973437
202.374143	73.072509	9.990625	9.986719
200.991518	72.381773	9.995313	9.993359
200.966354	72.699065	9.997656	9.996680
201.774036	73.205101	9.998828	9.998340
200.591970	72.668129	9.999414	9.999170
198.849915	73.576299	9.999707	9.999585
198.289514	73.313475	9.999854	9.999792
199.494297	73.746851	9.999927	9.999896
199.091986	74.021024	9.999963	9.999948
197.129223	73.036114	9.999982	9.999974
196.650170	73.839986	9.999991	9.999987
196.167908	75.190639	9.999995	9.999994
193.456142	74.355161	9.999998	9.999997
192.528524	75.075110	9.999999	9.999998
193.719895	75.710258	9.999999	9.999999
191.916334	76.851984	10.000000	10.000000
190.488419	77.750179	10.000000	10.000000
190.311400	79.318551	10.000000	10.000000
190.027292	81.185437	10.000000	10.000000
192.411274	83.532914	10.000000	10.000000
192.642687	87.201711	10.000000	10.000000
192.454667	88.673572	10.000000	10.000000
192.333342	90.789740	10.000000	10.000000
190.636813	91.402213	10.000000	10.000000
188.749281	90.688533	10.000000	10.000000
187.550298	90.927487	10.000000	10.000000
186.036067	90.714994	10.000000	10.000000
183.499958	90.437668	10.000000	10.000000
181.815816	90.056983	10.000000	10.000000
180.130328	89.430262	10.000000	10.000000
177.157809	89.956351	10.000000	10.000000
175.830716	90.767005	10.000000	10.000000
175.255722	90.876080	10.000000	10.000000
172.484316	91.304485	10.000000	10.000000
170.695832	90.527488	10.000000	10.000000
168.870082	90.510567	10.000000	10.000000
167.862745	91.019838	10.000000	10.000000
167.419257	91.150185	10.000000	10.000000
166.907447	92.422973	10.000000	10.000000
166.422686	93.187533	10.000000	10.000000
164.047256	93.090467	10.000000	10.000000
163.153073	93.979037	10.000000	10.000000
164.247888	95.991138	10.000000	10.000000
164.419601	97.250836	10.000000	10.000000
164.699066	97.865279	10.000000	10.000000
164.796713	99.845754	10.000000	10.000000
165.373911	101.672186	10.000000	10.000000
164.630896	102.406625	10.000000	10.000000
164.072319	103.064480	10.000000	10.000000
160.982491	102.824065	10.000000	10.000000
159.989179	103.721871	10.000000	10.000000
158.858105	104.017902	10.000000	10.000000
157.638402	103.488459	10.000000	10.000000
156.264019	104.528626	10.000000	10.000000
154.409637	105.892024	10.000000	10.000000
153.971865	107.584545	10.000000	10.000000
155.288445	107.957349	10.000000	10.000000
154.091050	109.606336	10.000000	10.000000
152.486195	109.646751	10.000000	10.000000
151.512589	110.021299	10.000000	10.000000
150.305772	109.529839	10.000000	10.000000
149.180396	109.815416	10.000000	10.000000
148.083521	110.034500	10.000000	10.000000
147.195127	109.030331	10.000000	10.000000
147.251940	109.639130	10.000000	10.000000
146.201935	110.006828	10.000000	10.000000
144.194976	109.316382	10.000000	10.000000
142.713437	109.714714	10.000000	10.000000
143.795429	109.989449	10.000000	10.000000
142.376707	110.299833	10.000000	10.000000
139.720581	109.259090	10.000000	10.000000
138.104240	109.367878	10.000000	10.000000
138.070626	109.546657	10.000000	10.000000
136.803056	109.657270	10.000000	10.000000
137.282876	109.878269	10.000000	10.000000
137.543151	110.349486	10.000000	10.000000
138.180990	109.734173	10.000000	10.000000
138.363003	110.356023	10.000000	10.000000
137.757717	109.635487	10.000000	10.000000
136.285156	110.093830	10.000000	10.000000
135.473547	109.319711	10.000000	10.000000
135.216405	109.450971	10.000000	10.000000
133.157402	109.758047	10.000000	10.000000
131.029904	110.123272	10.000000	10.000000
129.570900	109.474960	10.000000	10.000000
129.959484	110.671127	10.000000	10.000000
131.461108	110.818466	10.000000	10.000000
133.451547	111.190537	10.000000	10.000000
133.800719	110.795981	10.000000	10.000000
131.995491	111.126466	10.000000	10.000000
130.951594	110.249061	10.000000	10.000000
131.741177	111.434444	10.000000	10.000000
130.127704	111.298579	10.106128	10.000000
132.395062	111.895392	10.209699	10.000000
132.141608	111.342192	10.234688	10.000000
133.708242	111.839681	10.292588	10.000000
134.405058	112.343102	10.350780	10.000000
133.313328	112.894555	10.318483	10.000000
133.570191	112.908815	10.281852	10.000000
133.707008	113.498705	10.240055	10.000000
133.288918	114.174693	10.198071	10.000000
132.503880	114.015640	10.127186	10.000000
130.878848	114.336518	10.070945	10.000000
130.734765	114.088629	10.104963	10.000000
128.483217	114.569602	10.325306	10.000000
123.890898	113.422278	10.358184	10.000000
122.304243	114.369972	10.278576	10.000000
121.777851	114.583075	10.247963	10.000000
119.902238	113.834158	10.138831	10.000000
118.360288	114.085062	10.176070	10.000000
117.962851	114.687483	10.286619	10.000000
116.169694	114.230872	10.174838	10.000000
114.215822	114.684377	10.186575	10.000000
112.556594	114.146251	10.254703	10.000000
110.636830	114.574160	10.315549	10.000000
108.347347	113.775814	10.373187	10.000000
106.278170	113.946190	10.328491	10.000000
107.977866	114.280577	10.225929	10.000000
110.104818	114.789167	10.242459	10.000000
111.540980	113.726099	10.121230	10.000000
109.897781	114.008246	10.114036	10.000000
109.337019	114.202264	10.106951	10.000000
108.940640	114.434178	10.172043	10.000000
108.025997	114.703417	10.126554	10.000000
107.797536	113.934283	10.212736	10.000000
108.032176	114.306216	10.261086	10.000000
109.353177	114.740591	10.228731	10.000000
109.058495	114.270662	10.314883	10.000000
108.970191	114.784239	10.197814	10.000000
108.573323	114.661831	10.275713	10.000000
108.061522	114.627495	10.268496	10.000000
107.746818	114.692808	10.300134	10.000000
107.502366	114.592277	10.150067	10.000000
106.206225	113.634685	10.100945	10.000000
106.105181	114.348063	10.250335	10.000000
105.094396	113.799463	10.125167	10.000000
106.216119	112.728921	10.203205	10.000000
108.550161	111.932179	10.315745	10.000000
110.526916	112.269908	10.196786	10.000000
109.468943	111.941047	10.116800	10.000000
109.401412	112.072873	10.276857	10.000000
109.372338	112.490068	10.249977	10.000000
108.603503	112.387302	10.156141	10.000000
107.052717	112.183082	10.095462	10.000000
107.227102	111.678975	10.102630	10.000000
106.562680	111.942630	10.086733	10.000000
106.660393	112.331307	10.043366	10.000000
107.336356	112.693839	10.021683	10.000000
106.214485	113.365895	10.010842	10.000000
106.940730	113.622593	10.005421	10.000000
110.950343	114.480403	10.002710	10.000000
112.739711	114.605531	10.033909	10.000000
116.860394	113.014176	10.016954	10.000000
120.619359	110.368888	10.008477	10.000000
121.199046	109.364899	10.017025	10.000000
121.372298	107.316362	10.008513	10.000000
120.307351	105.946613	10.032738	10.000000
119.228598	104.795694	10.016369	10.000000
118.750906	105.331004	10.008184	10.000000
117.851646	104.664715	10.016010	10.000000
115.873214	104.103739	10.008005	10.000000
114.110373	103.843381	10.004003	10.000000
112.654470	105.034359	10.002001	10.000000
111.546336	104.815417	10.001001	10.000000
110.212029	105.718175	10.000500	10.000000
109.169439	106.053967	10.045972	10.000000
107.833577	105.827951	10.022986	10.000000
108.148086	107.491843	10.034323	10.000000
108.184501	106.543353	10.017162	10.000000
107.769216	107.148368	10.019991	10.000000
107.142159	107.232578	10.009995	10.000000
105.358687	107.992133	10.004998	10.000000
105.444429	109.156702	10.002499	10.000000
105.338101	109.319823	10.039506	10.000000
104.587240	110.004229	10.019753	10.000000
105.281849	110.354543	10.009877	10.000000
107.228640	111.884086	10.020021	10.000000
107.669342	113.057749	10.010011	10.000000
109.609400	113.482248	10.005005	10.000000
111.144194	114.680997	10.002503	10.000000
110.256050	115.653127	10.001251	10.000000
109.822605	116.072831	10.000626	10.000000
109.086843	115.746304	10.000313	10.000000
106.875143	116.743963	10.068750	10.000000
106.841173	117.161890	10.034375	10.000000
105.352389	116.498081	10.017188	10.000000
105.346588	117.656418	10.008594	10.000000
105.376021	118.109493	10.004297	10.000000
104.262836	117.201113	10.002148	10.000000
103.424064	118.132590	10.001074	10.000000
104.085812	118.223558	10.000537	10.000000
103.533134	119.236064	10.000269	10.000000
102.743290	119.344442	10.121486	10.000000
101.069373	120.038273	10.111193	10.000000
100.344962	120.272512	10.137957	10.000000
99.275470	120.708609	10.163005	10.000000
98.388668	120.421985	10.129464	10.000000
97.779603	121.453812	10.081139	10.000000
96.549533	121.418025	10.040569	10.000000
94.327562	121.670901	10.144663	10.000000
93.099512	121.788282	10.151056	10.000000
91.475128	121.990583	10.075528	10.000000
89.766568	123.027885	10.085426	10.000000
88.872845	122.512656	10.122315	10.000000
88.102605	122.757690	10.122554	10.000000
86.706788	123.169497	10.177063	10.000000
84.484934	123.844930	10.205993	10.000000
83.298912	123.717818	10.102996	10.000000
81.786750	123.882129	10.078619	10.000000
80.174945	124.609030	10.039309	10.000000
78.683798	124.956465	10.065278	10.000000
77.591021	125.851954	10.032639	10.000000
75.621679	125.777309	10.016319	10.000000
74.694940	126.568535	10.008160	10.000000
73.917349	126.617986	10.071420	10.000000
75.166582	127.665421	10.035710	10.000000
72.455360	127.841965	10.085093	10.000000
71.142060	127.402674	10.042547	10.000000
70.637655	127.247782	10.021273	10.000000
69.538801	127.062697	10.010637	10.000000
67.414712	126.549772	10.005318	10.000000
66.111283	127.145248	10.002659	10.000000
66.398076	127.607901	10.001330	10.000000
65.227755	127.789752	10.000665	10.000000
62.665584	127.781218	10.021425	10.000000
61.256927	127.830799	10.010713	10.000000
60.061495	128.512723	10.005356	10.000000
57.701237	128.162277	10.002678	10.000000
57.285326	128.303719	10.005425	10.000000
55.592987	128.831515	10.002713	10.000000
55.169449	129.537208	10.001356	10.000000
