243.600000	93.000000	2.000000	2.400000
243.473800	92.411924	6.000000	6.200000
241.630856	90.443700	8.000000	8.100000
240.392806	88.798048	9.000000	9.050000
240.604299	88.270623	9.500000	9.525000
240.472556	87.317427	9.750000	10.327418
240.672826	87.981902	9.875000	10.445431
241.483398	88.612975	10.028993	11.098522
241.146313	88.064907	10.793011	11.727953
240.559071	88.298859	11.248494	12.140930
240.425826	88.126040	12.802883	12.617064
240.401029	88.146948	12.942150	12.918555
240.629936	87.082069	11.471075	13.023990
240.991718	87.219229	10.735537	12.882752
241.327808	86.934148	12.688503	12.847734
241.648976	86.995692	12.297009	12.976290
241.524894	86.464465	12.950335	13.440322
241.537124	85.966204	13.308661	13.143374
241.087399	86.359984	17.523071	13.411398
241.555263	86.820477	19.794939	12.769593
240.804789	87.348681	21.281398	12.529742
241.792040	86.838315	21.785765	12.243698
240.871574	86.512403	21.934015	12.520130
240.654899	87.609568	19.783342	12.595053
240.566580	87.909337	16.999766	12.791561
241.460568	86.959259	19.627815	12.659463
241.505095	87.075960	20.863813	12.417167
240.773132	87.146353	21.604917	12.295664
245.392065	86.565409	19.702117	12.693380
251.594677	86.844727	15.815511	12.685589
257.062338	87.292245	15.763873	14.367477
277.559021	93.535346	12.881936	14.724489
277.217518	92.826900	11.440968	14.886216
276.590937	93.361860	10.720484	14.969649
276.377154	93.133969	10.360242	14.865820
276.044791	93.314006	10.272611	14.927219
275.536122	93.560879	10.136306	14.931044
275.416186	93.374305	10.175305	14.849866
275.335385	93.166500	10.087652	14.791316
276.281878	92.909708	10.043826	14.837319
276.052308	93.510438	10.021913	14.965097
275.837882	93.187068	10.010957	14.963215
275.640652	92.558040	10.005478	15.105898
275.084696	92.770436	10.002739	15.226152
274.775892	92.446336	10.001370	15.268347
275.701612	91.962671	10.000685	15.310489
275.724356	92.454029	10.000342	15.354623
276.007774	92.007619	10.000171	15.429927
275.322459	92.464435	10.000086	15.528583
275.588804	91.958885	10.000043	15.589090
275.763051	92.468188	10.000021	15.619686
276.192161	91.946546	10.000011	15.646251
275.770486	92.502986	10.000005	15.641047
276.576919	92.008979	10.000003	15.657042
276.620926	92.534318	10.000001	15.713982
276.444662	92.673021	10.000001	15.659865
277.553550	91.861445	10.000000	15.543343
277.220082	92.489414	10.000000	15.535931
276.961517	92.176581	10.000000	15.482464
277.776241	92.666759	10.000000	15.566970
277.434020	91.903966	10.000000	15.759346
277.685478	90.669752	10.000000	16.324264
277.153953	90.983142	10.000000	16.671663
276.119227	89.953750	10.000000	16.806297
277.035663	90.350072	10.000000	16.625151
276.261770	90.369906	10.000000	16.431322
276.912154	90.236708	10.000000	16.256210
277.567404	90.175270	10.000000	16.717042
276.884829	90.659140	10.000000	16.680811
278.022383	91.792950	10.000000	16.637734
277.223419	91.744276	10.000000	16.222001
277.622004	92.335005	10.000000	16.087433
277.119328	92.202185	10.000000	16.058977
277.725693	91.800805	10.000000	16.158180
277.469591	91.445218	10.000000	16.168905
278.435133	91.302253	10.000000	16.088181
278.523108	92.054776	10.000000	16.112638
277.627623	91.991808	10.000000	16.076631
277.278307	91.722460	10.000000	16.098225
277.563426	91.318231	10.000000	16.179935
277.429274	91.470570	10.000000	16.201714
276.663253	91.767560	10.000000	16.124828
276.850731	91.443309	10.000000	16.166681
277.087973	91.148528	10.000000	16.189981
277.069110	91.370132	10.000000	16.240962
276.845553	91.638815	10.000000	16.243731
277.725231	91.887074	10.000000	16.284348
277.911325	91.081515	10.000000	16.288983
278.255829	91.298748	10.000000	16.309941
277.704617	91.491847	10.000000	16.330093
278.083725	91.766550	10.000000	16.363881
277.575060	92.018979	10.000000	16.370054
277.909838	91.190331	10.000000	16.337659
278.417038	91.412215	10.000000	16.353695
277.996714	91.592642	10.000000	16.404789
278.607922	91.802123	10.000000	16.455647
278.330831	91.004401	10.000000	16.342316
278.160915	91.111890	10.000000	16.455589
278.093036	91.298724	10.000000	16.490543
278.013345	91.514227	10.000000	16.488755
277.979492	91.652328	10.000000	16.510526
278.974274	91.743346	10.000000	16.531017
279.130457	90.862569	10.000000	16.498752
278.142635	91.088454	10.000000	16.439112
277.895629	91.284442	10.000000	16.414741
278.190333	91.575142	10.000000	16.259780
277.745976	91.590496	10.000000	16.378064
278.360603	91.796234	10.000000	16.378085
278.061481	91.935459	10.000000	16.508969
277.431573	91.221418	10.000000	16.405963
278.092655	91.495433	10.000000	16.303884
277.801725	91.793385	10.000000	16.304299
278.682641	92.115253	10.000000	16.392785
278.770335	91.613175	10.000000	16.404569
278.762572	92.172011	10.000000	16.437614
278.701481	91.890561	10.000000	16.376659
278.633080	91.491773	10.000000	16.426547
278.452602	91.922200	10.000000	16.590862
278.239241	91.353550	10.000000	16.677645
277.952566	91.805527	10.000000	16.746088
278.290563	91.959651	10.000000	16.719147
278.669873	92.219110	10.000000	16.624349
278.640209	92.075335	10.000000	16.527760
278.617583	91.986164	10.000000	16.421712
278.787465	91.895312	10.000000	16.312791
279.033897	91.756753	10.000000	16.163444
278.743595	92.005660	10.000000	16.123863
278.566826	92.230267	10.000000	16.159603
278.426708	92.522242	10.000000	16.171883
279.607475	91.667969	10.000000	16.239680
279.373419	92.142104	10.000000	16.732017
286.060959	114.785268	10.000000	13.366009
282.187084	115.949240	10.000000	11.683004
278.843363	115.504328	10.000000	10.841502
276.037642	115.552116	10.000000	10.420751
272.194884	114.805710	10.000000	10.210376
269.370986	115.788775	10.000000	10.105188
266.327239	116.379867	10.000000	10.052594
262.317010	117.677330	10.000000	10.026297
259.126715	119.216891	10.000000	10.013148
255.718851	120.682623	10.000000	10.006574
252.804321	123.352272	10.000000	10.003287
249.025735	125.939742	10.000000	10.001644
246.304247	126.958387	10.000000	10.000822
244.928059	130.281200	10.197489	10.000411
244.638512	130.205630	10.615053	10.000205
245.271634	129.803168	10.661748	10.000103
245.575928	130.263836	10.394404	10.000051
244.631472	130.029600	10.504524	10.000026
244.676484	128.181673	10.629053	10.000013
248.961784	123.102037	10.314527	10.000006
248.720716	124.286057	10.157263	10.000003
249.325156	125.536834	10.078632	10.000002
248.500829	127.161473	10.039316	10.000001
247.845499	128.470345	10.620074	10.000000
253.700296	130.674877	10.310037	10.000000
255.995177	132.926480	10.155019	10.000000
258.015135	136.125997	10.077509	10.000000
245.589382	129.670116	10.686973	10.044913
245.326305	130.175111	10.687437	10.022456
245.616796	129.779657	10.382044	10.011228
244.567550	129.774548	10.540587	10.005614
244.802157	130.396182	10.838180	10.002807
244.820627	129.992571	10.678068	10.001404
244.492588	130.529356	10.721551	10.000702
246.508623	130.098661	10.360776	10.000351
244.795509	130.072638	10.429886	10.000175
244.317420	129.969754	10.910050	10.000088
244.529685	130.561272	11.171354	10.000044
245.041861	129.641625	10.983764	10.000022
244.286231	129.679941	10.893614	10.000011
244.554924	130.283077	11.151054	10.000005
244.054226	130.096050	11.465179	10.000003
245.751042	129.558346	10.833653	10.000001
244.672100	130.179918	10.723972	10.000001
244.101329	129.734178	10.864500	10.000000
244.949456	130.316698	10.784622	10.000000
245.283241	129.861634	10.453111	10.000000
245.038136	129.979119	10.226556	10.000000
244.547172	129.838145	10.760153	10.000000
244.121100	130.402281	11.376450	10.000000
243.005529	130.193094	11.963012	10.000000
245.016189	130.206243	11.255931	10.000000
244.978107	130.221895	10.706411	10.000000
244.970982	129.784783	10.572970	10.000000
244.532788	130.265420	10.685871	10.000000
245.648163	129.810863	10.456925	10.000000
244.316653	129.816184	10.720167	10.000000
245.737749	130.310314	10.403648	10.000000
244.817708	130.180991	10.517843	10.000000
244.720799	130.136587	10.749421	10.000000
244.460523	129.669431	10.737869	10.000000
244.248830	130.258298	11.226946	10.000000
243.298301	130.089294	11.725837	10.000000
244.776864	129.552774	11.132969	10.000000
243.999458	129.393861	11.580937	10.000000
244.582991	129.978465	11.527014	10.000000
244.654802	130.477016	11.139211	10.000000
243.792879	130.270574	11.625245	10.000000
244.777087	129.714187	11.296647	10.000000
243.834419	129.522760	11.795848	10.000000
244.655330	130.077376	11.549303	10.000000
243.783913	129.469549	11.582293	10.000000
243.837003	129.859653	11.674730	10.000000
243.962247	130.426410	11.782734	10.000000
245.371183	129.842510	11.182222	10.000000
245.049089	129.894815	10.793885	10.000000
244.758409	130.393827	10.758844	10.000000
244.732651	129.947714	10.597226	10.000000
244.381691	130.468218	10.670821	10.000000
246.040736	129.984683	10.335410	10.000000
244.873719	129.975278	10.551855	10.000000
244.283034	130.400184	10.751190	10.000000
246.007963	129.965605	10.375595	10.000000
245.150076	129.938123	10.472938	10.000000
244.764131	129.839216	10.856367	10.000000
244.357770	130.303030	10.826321	10.000000
245.899544	129.853148	10.413161	10.000000
245.125787	129.840206	10.427541	10.000000
244.397081	129.719474	11.093969	10.000000
244.486487	129.661750	13.876153	10.000000
255.547155	128.883003	11.938076	10.000000
253.878884	125.929300	10.969038	10.000000
254.490953	122.984168	10.484519	10.000000
253.159585	120.247079	10.242260	10.000000
252.880921	118.421394	10.121130	10.000000
252.216088	116.620623	10.060565	10.000000
251.621575	115.146009	10.030282	10.000000
250.676156	114.311544	10.015141	10.240800
249.526721	113.675545	10.007571	10.120400
248.893351	112.425645	10.003785	10.060200
250.088155	112.507733	10.001893	10.030100
248.488117	113.135543	10.000946	10.015050
248.363585	113.048863	10.000473	10.007525
247.617264	113.956349	10.000237	10.003763
247.137884	116.538047	10.000118	10.001881
246.584192	117.862395	10.000059	10.000941
246.111937	119.417881	10.000030	10.000470
247.174766	122.013269	10.000015	10.000235
246.168779	124.516297	10.000007	10.000118
244.925354	128.273746	10.088151	10.000059
246.656563	129.529387	10.044076	10.000029
247.524446	130.409691	10.022038	10.000015
248.739713	130.271525	10.011019	10.000007
248.216536	129.967955	10.031743	10.000004
247.181736	130.629682	10.202814	10.000002
249.065342	129.954943	10.101407	10.000001
248.240262	130.905891	10.050703	10.000000
248.042244	130.913618	10.025352	10.000000
247.787623	130.836715	10.012676	10.000000
247.828990	131.292046	10.006338	10.000000
248.339634	130.480340	10.003169	10.749362
247.454922	131.381888	10.001584	10.374681
248.179752	129.830807	10.000792	10.187341
247.738537	130.166222	10.000396	10.093670
247.795519	129.985708	10.000198	10.046835
248.045336	129.779299	10.000099	10.023418
247.745114	130.619706	10.000050	10.011709
248.608801	130.255183	10.000025	10.005854
248.770930	129.987033	10.000012	10.002927
248.857520	130.718987	10.000006	10.001464
249.039057	130.421573	10.000003	10.000732
248.090804	130.092475	10.000002	10.000366
248.148051	129.762678	10.000001	10.000183
247.940418	130.506617	10.000000	10.000091
248.334239	130.209361	10.000000	10.000046
247.850466	129.996295	10.000000	10.000023
248.302311	130.807160	10.000000	10.000011
247.901684	130.631699	10.000000	10.000006
248.321265	130.400168	10.000000	10.000003
248.092912	130.187234	10.000000	10.000001
248.064507	129.947421	10.000000	10.000001
248.046372	130.684394	10.000000	10.000000
248.061026	130.375991	10.000000	10.000000
248.042875	130.051072	10.000000	10.000000
247.980433	129.786662	10.000000	10.000000
248.650065	130.532018	10.000000	10.000000
248.431814	130.372926	10.000000	10.000000
248.163403	130.195911	10.000000	10.000000
247.943811	130.017027	10.000000	10.000000
248.542424	129.781059	10.000000	10.000000
248.231323	130.606101	10.000000	10.000000
248.062315	130.310440	10.000000	10.000000
247.960062	130.048288	10.000000	10.000000
248.655340	129.746408	10.000000	10.000000
248.496420	130.567302	10.000000	10.000000
248.412812	130.350983	10.000000	10.000000
248.269031	130.153832	10.000000	10.000000
248.114904	129.951816	10.000000	10.000000
247.854974	130.720538	10.000000	10.000000
248.490560	130.465365	10.000000	10.000000
248.399752	130.259637	10.000000	10.000000
248.329102	130.006214	10.000000	10.000000
248.238846	129.811101	10.000000	10.000000
248.054834	130.642570	10.000000	10.000000
247.969956	130.425579	10.000000	10.000000
248.629519	130.156059	10.000000	10.000000
248.534855	129.954068	10.000000	10.000000
248.320343	130.737094	10.000000	10.000000
248.191616	130.584914	10.000000	10.000000
248.044940	130.380743	10.000000	10.000000
247.358141	130.095183	10.021831	10.000000
247.513985	129.739337	10.010915	10.000000
247.776438	130.354811	10.005458	10.000000
248.004520	130.010801	10.002729	10.000000
247.337609	129.741991	10.021395	10.000000
247.553342	130.326993	10.010697	10.000000
247.799627	129.978273	10.005349	10.000000
248.071959	130.518722	10.002674	10.000000
247.386210	130.250974	10.044492	10.000000
247.529886	129.869681	10.039046	10.000000
247.750672	130.386414	10.019523	10.000000
247.896758	129.959290	10.015399	10.000000
248.022915	130.560615	10.027551	10.000000
247.397345	130.254368	10.014582	10.000000
247.576593	129.861654	10.007291	10.000000
247.687057	130.489275	10.043066	10.000000
247.850755	130.099700	10.028012	10.000000
247.924367	129.742411	10.022064	10.000000
248.094746	130.336563	10.019850	10.000000
247.454046	130.064914	10.010676	10.000000
247.573146	129.704125	10.035268	10.000000
247.699135	130.300100	10.072700	10.000000
247.796702	129.951701	10.072769	10.000000
248.064368	130.510106	10.036384	10.000000
247.429710	130.240200	10.037349	10.000000
247.616438	129.895126	10.018674	10.000000
247.803508	130.527074	10.009337	10.000000
247.981178	130.249286	10.004669	10.000000
248.119264	130.001000	10.002334	10.000000
247.459223	129.843309	10.001167	10.000000
247.685770	130.634236	10.000584	10.000000
247.692121	129.321899	10.000292	10.000000
248.010327	128.472781	10.000146	10.323072
248.027283	127.824993	10.000073	10.765093
247.116730	129.873042	10.132494	10.382547
247.260568	129.861937	10.138234	10.191273
248.067577	130.175048	10.069117	10.095637
247.772812	130.400483	10.057799	10.047818
247.459619	130.595660	10.062642	10.023909
247.601460	130.376977	10.031321	10.011955
247.675965	130.126291	10.015661	10.005977
247.829015	129.894167	10.007830	10.002989
247.944218	130.520612	10.003915	10.001494
248.034347	130.172185	10.001958	10.000747
247.360835	129.904301	10.001806	10.000374
247.484808	130.573867	10.000903	10.000187
247.627848	130.227047	10.000451	10.000093
247.796268	129.910563	10.000226	10.000047
247.949455	130.472718	10.029187	10.000023
248.121218	130.100176	10.014594	10.000012
247.424214	129.807287	10.064716	10.000006
247.651587	130.429359	10.032358	10.000003
247.760869	130.120484	10.026264	10.000001
247.858823	129.791883	10.040427	10.000001
248.039471	130.370029	10.020214	10.000000
247.336705	130.062482	10.057957	10.000000
247.439482	129.711801	10.057283	10.000000
247.562769	130.325411	10.028642	10.000000
247.617076	129.969407	10.050175	10.000000
247.793278	130.579511	10.025087	10.000000
247.966813	130.239096	10.012544	10.000000
248.057075	129.846223	10.006272	10.000000
247.396116	130.497674	10.003136	10.000000
247.532303	130.157540	10.001568	10.000000
247.645519	129.759041	10.000784	10.000000
247.859717	130.386959	10.000392	10.000000
248.013870	130.062903	10.007497	10.000000
247.396428	129.775065	10.003749	10.000000
247.585399	130.414566	10.001874	10.000000
247.667885	130.080910	10.019448	10.000000
247.876940	129.742460	10.009724	10.000000
248.097496	130.369037	10.004862	10.000000
247.413088	130.134098	10.068265	10.000000
247.576701	129.806183	10.038890	10.000000
247.802159	130.415678	10.019445	10.000000
247.974089	130.072619	10.009723	10.000000
248.146270	129.758878	10.004861	10.000000
247.433162	130.416028	10.011070	10.000000
247.588561	130.084787	10.005535	10.000000
247.786157	129.726900	10.002768	10.000000
247.968471	130.327213	10.001384	10.000000
248.090957	129.983536	10.000692	10.000000
247.453603	130.641701	10.000346	10.000000
247.605683	130.305226	10.000173	10.000000
247.797851	129.948288	10.000086	10.000000
248.003092	130.545658	10.000043	10.000000
247.400576	130.256567	10.000022	10.000000
247.596305	129.877027	10.000011	10.000000
247.853663	130.485603	10.000005	10.000000
248.013310	130.139839	10.000003	10.000000
247.335362	129.865392	10.007214	10.000000
247.496173	130.455573	10.003607	10.000000
247.709549	130.082960	10.001803	10.000000
247.832823	129.703116	10.003917	10.000000
247.991786	130.343026	10.001958	10.000000
248.158701	130.001917	10.000979	10.000000
247.535558	129.667841	10.000490	10.000000
247.669724	130.256383	10.000245	10.000000
247.766328	129.921115	10.000122	10.000000
247.902059	130.524626	10.000061	10.000000
248.440600	130.605495	10.000031	10.060545
248.220015	130.863754	10.000015	10.030273
247.926942	131.014695	10.000008	10.015136
248.666591	130.029738	10.000004	10.019884
248.469316	130.179087	10.000002	10.009942
248.300923	130.343619	10.000001	10.004971
248.100106	130.538856	10.000000	10.002486
247.890003	130.675966	10.000000	10.001243
248.549040	130.719392	10.000000	10.054464
248.320692	130.887989	10.000000	10.027232
248.097647	131.106571	10.000000	10.013616
247.895730	130.182387	10.000000	10.006808
248.530875	130.185642	10.000000	10.008088
248.288280	130.356015	10.000000	10.004044
248.026508	130.506697	10.000000	10.002022
247.826973	130.697736	10.000000	10.001011
248.491383	130.720220	10.000000	10.033377
248.341536	130.902005	10.000000	10.016688
248.121783	131.086307	10.000000	10.008344
247.924893	130.185065	10.000000	10.004172
248.498482	130.190940	10.000000	10.057104
248.291292	130.388575	10.000000	10.028552
248.065599	130.585105	10.000000	10.014276
247.851117	130.755363	10.000000	10.007138
248.331696	130.815248	10.000000	10.003569
248.066821	130.972884	10.000000	10.001785
247.806002	131.139275	10.000000	10.000892
248.427592	130.137303	10.000000	10.000446
248.266693	130.280621	10.000000	10.000223
248.004766	130.395367	10.000000	10.000112
247.701730	130.604135	10.000000	10.000056
248.192867	130.759295	10.000000	10.000028
247.924076	131.011378	10.000000	10.000014
248.664784	130.080306	10.000000	10.000007
248.536975	130.234170	10.000000	10.036491
248.086125	129.896759	10.000000	10.186992
248.462535	130.297001	10.000000	10.093496
248.065235	130.449779	10.000000	10.046748
247.706629	130.496678	10.000000	10.175986
247.873977	129.193658	10.000000	10.087993
248.339640	128.729235	10.000000	10.043996
247.906523	129.711279	10.000000	10.021998
248.446825	130.041980	10.000000	10.010999
248.449053	129.483733	10.110645	10.005500
248.043499	130.683669	10.074278	10.002750
248.164865	130.492758	10.037139	10.001375
248.069643	130.593857	10.018569	10.000687
247.634806	130.739783	10.009285	10.000344
247.919258	130.784994	10.004642	10.000172
248.197239	130.692728	10.002321	10.000086
247.920518	130.873413	10.001161	10.000043
248.329563	130.954495	10.000580	10.000021
248.065994	131.135181	10.000290	10.000011
247.761419	130.306839	10.000145	10.000005
248.169380	130.405354	10.000073	10.004904
247.804169	130.592381	10.000036	10.002452
248.367017	130.532800	10.000018	10.001226
248.202869	130.546184	10.000009	10.000613
248.041356	130.546579	10.000005	10.000307
247.943446	130.588861	10.000002	10.000153
248.535793	130.452319	10.000001	10.000077
248.461018	130.509704	10.000001	10.000038
248.220676	130.619784	10.000000	10.000019
247.940984	130.787734	10.000000	10.000010
248.382797	130.854395	10.000000	10.119508
248.463197	130.564317	10.000000	10.088388
248.261230	130.740580	10.000000	10.044194
247.879592	130.921033	10.000000	10.022097
248.326374	130.963500	10.000000	10.011049
248.025817	131.112771	10.000000	10.005524
247.801829	130.216533	10.000000	10.002762
248.405308	130.148605	10.000000	10.001381
248.161891	130.211399	10.000000	10.000691
247.959380	130.281746	10.000000	10.000345
248.716233	130.239811	10.000000	10.000173
248.485786	130.351421	10.000000	10.000086
248.281368	130.474527	10.000000	10.000043
247.913197	130.647910	10.000000	10.000022
248.343866	130.728141	10.000000	10.000011
247.987098	130.945361	10.000000	10.000005
248.441042	130.983614	10.000000	10.023405
248.134810	131.123325	10.000000	10.011703
247.874084	130.245475	10.000000	10.005851
248.432611	130.274748	10.000000	10.002926
248.213521	130.378227	10.000000	10.001463
247.991847	130.503790	10.000000	10.000731
248.558295	130.499242	10.000000	10.000366
248.319396	130.605676	10.000000	10.000183
248.084260	130.757928	10.000000	10.000091
247.846144	130.867974	10.000000	10.000046
248.290072	130.870741	10.000000	10.042923
247.971790	131.030551	10.000000	10.021462
248.701717	130.059516	10.000000	10.010731
248.378072	130.224287	10.000000	10.005365
248.122074	130.352237	10.000000	10.002683
247.742268	130.506834	10.000000	10.001341
248.380470	130.508285	10.000000	10.000671
248.068843	130.672678	10.000000	10.000335
247.862549	130.845809	10.000000	10.000168
248.419820	130.824556	10.000000	10.000084
248.149576	131.054959	10.000000	10.000042
247.857775	130.219703	10.000000	10.000021
248.413994	130.299463	10.000000	10.059422
248.152661	130.555302	10.000000	10.029711
247.865780	130.802347	10.000000	10.014856
248.301760	130.902838	10.000000	10.007428
248.052567	131.164380	10.000000	10.003714
247.797221	130.312988	10.000000	10.001857
248.239966	130.420405	10.000000	10.000928
247.871600	130.651377	10.000000	10.000464
248.381268	130.797751	10.000000	10.090355
248.081734	131.073123	10.000000	10.045177
247.845312	130.239876	10.000000	10.022589
248.356740	130.241432	10.000000	10.090817
248.107929	130.539951	10.000000	10.045409
247.783689	130.805705	10.000000	10.022704
248.240732	130.894678	10.000000	10.111524
248.345329	130.658068	10.000000	10.055762
248.010670	130.872809	10.000000	10.027881
247.741293	131.085234	10.000000	10.013941
248.370886	130.194425	10.000000	10.006970
248.080654	130.432706	10.000000	10.003485
247.842535	130.728201	10.000000	10.001743
248.314859	130.847911	10.000000	10.027890
248.039597	131.098940	10.000000	10.013945
247.781174	130.211999	10.000000	10.006973
248.366629	130.305652	10.000000	10.014398
248.084982	130.530169	10.000000	10.007199
247.849028	130.807180	10.000000	10.003599
248.325340	130.872898	10.000000	10.081787
248.022716	131.183154	10.000000	10.040894
247.771369	130.353567	10.000000	10.020447
248.277562	130.551974	10.000000	10.010223
247.911756	130.825042	10.000000	10.005112
248.348865	131.028160	10.000000	10.002556
248.024218	130.247591	10.000000	10.001278
247.781756	130.534405	10.000000	10.000639
248.267981	130.689664	10.000000	10.000319
247.972198	130.999861	10.000000	10.000160
248.517076	131.144851	10.000000	10.000080
248.231101	130.291605	10.000000	10.000040
247.990940	130.552601	10.000000	10.000020
248.534715	130.675199	10.000000	10.000010
248.277202	130.907342	10.000000	10.000005
248.069836	131.179326	10.000000	10.000002
247.813145	130.378327	10.000000	10.000001
248.389198	130.517308	10.000000	10.000001
248.155210	130.783555	10.000000	10.000000
247.914757	131.107440	10.000000	10.000000
248.570816	130.255308	10.000000	10.000000
248.344081	130.281473	10.169269	10.000000
248.721637	130.589096	10.330687	10.000000
248.302541	129.986395	10.356443	10.000000
249.002844	128.188608	10.513157	10.424419
248.665598	129.171316	10.575831	10.444000
248.211233	130.224758	10.651611	10.222000
248.187131	130.164664	10.743009	10.111000
248.244593	130.175847	10.770172	10.055500
248.402032	130.121011	10.731398	10.027750
248.511194	130.059888	10.755743	10.013875
248.665738	130.000936	10.743087	10.006937
248.022656	129.878379	10.650785	10.003469
248.056246	130.572521	10.645569	10.001734
248.119409	130.249981	10.668055	10.000867
248.083847	129.414399	10.725897	10.000434
248.133915	129.868146	10.754908	10.000217
248.231824	130.658509	10.814036	10.000108
248.522102	130.520143	10.589758	10.000054
248.797163	130.406571	10.459034	10.301925
248.080190	130.361625	10.294938	10.150962
248.549678	130.707004	10.435271	10.075481
248.155743	130.106518	10.484850	10.037741
248.162288	130.042335	10.649377	10.018870
248.140080	130.014806	10.812257	10.009435
248.235166	129.962862	10.797133	10.004718
248.374167	130.723387	10.785219	10.002359
248.506185	130.660469	10.734893	10.001179
248.650301	130.547024	10.693745	10.000590
248.668633	130.442029	10.805915	10.000295
248.120622	130.299493	10.755907	10.000147
248.243961	130.292891	10.734974	10.000074
248.372809	130.161764	10.721178	10.000037
248.473166	130.116188	10.759928	10.000018
248.607664	130.022460	10.671883	10.000009
248.736569	129.897272	10.484864	10.000005
248.275142	130.172391	10.262508	10.000002
248.675586	130.335754	10.153279	10.000001
248.179331	130.559077	10.164915	10.000001
248.471696	130.037133	10.517173	10.000000
248.163461	130.316297	10.697451	10.000000
248.359347	130.242373	10.631500	10.000000
248.549169	130.107276	10.459442	10.000000
248.192641	130.267488	10.229721	10.000000
248.506769	130.459285	10.194896	10.000000
247.909737	130.754457	10.185210	10.000000
248.252913	130.137542	10.293526	10.000000
248.653460	130.404192	10.542991	10.000000
248.590645	130.363254	10.685999	10.000000
248.605427	130.323358	10.770209	10.000000
248.683111	130.278922	10.802043	10.000000
248.302596	130.208561	10.822105	10.000000
248.696850	130.233345	10.961287	10.000000
248.624525	130.628378	11.070307	10.000000
248.700241	130.110410	11.126053	10.000000
248.749510	130.499051	11.113649	10.000000
248.781449	130.918369	11.092186	10.000000
248.823090	130.414593	11.066245	10.000000
248.845808	130.815245	11.083475	10.000000
248.911755	130.341724	11.020738	10.000000
248.955346	130.719168	11.012616	10.000000
248.982013	130.198650	10.994260	10.000000
248.946475	130.582999	10.968612	10.000000
248.932862	130.057711	11.002100	10.000000
248.917611	130.419788	10.991718	10.000000
248.873286	130.767121	11.001722	10.000000
248.909970	130.237357	10.978897	10.000000
248.936406	130.602438	10.881336	10.000000
248.744783	130.492988	10.760434	10.000000
248.458239	130.386377	10.708020	10.000000
248.738153	130.449254	10.953376	10.000000
248.769715	130.810879	11.009489	10.000000
248.859253	130.292405	11.010525	10.000000
248.861453	130.679815	11.115130	10.000000
248.993751	130.143058	11.095706	10.000000
248.210676	130.521137	11.038470	10.000000
248.283059	129.991981	11.056911	10.000000
248.279779	130.383082	11.122232	10.000000
248.314602	130.750957	11.221135	10.000000
248.503295	130.278910	11.150244	10.000000
248.610767	130.681349	11.148726	10.000000
248.751687	130.203769	11.122571	10.000000
248.804546	130.583033	11.107545	10.000000
248.816063	130.102052	11.202463	10.000000
248.888423	130.488477	11.137869	10.000000
248.950359	130.885688	11.133437	10.000000
248.293936	130.251182	10.991816	10.000000
248.299140	130.617768	11.031107	10.000000
248.372976	130.087197	10.980872	10.000000
248.374655	130.475916	11.040244	10.000000
248.349353	130.879824	11.133405	10.000000
248.413872	130.374207	11.106152	10.000000
248.434909	130.734516	11.184797	10.000000
248.627680	130.199108	11.061425	10.000000
248.668237	130.550345	11.058471	10.000000
248.812746	130.013870	10.964348	10.000000
248.823450	130.378074	11.037523	10.000000
248.882655	130.800967	11.070051	10.000000
248.914839	130.303369	11.065796	10.000000
248.944948	130.681540	11.115580	10.000000
248.347104	129.959044	10.979604	10.000000
247.592904	129.872488	11.077543	10.000000
247.556807	129.927667	11.154076	10.000000
247.544052	129.932345	11.191524	10.000000
247.575785	129.951898	11.195839	10.000000
247.624790	129.946525	11.127018	10.000000
247.581398	129.897077	10.648344	10.000000
248.308362	130.457125	10.324172	10.000000
247.820091	129.993407	10.799731	10.000000
247.541666	128.875776	10.607372	10.137420
248.360137	127.226978	10.303686	10.869579
247.257496	129.641971	10.404698	10.434789
247.278859	130.538695	10.202349	10.217395
247.838024	129.497595	10.101175	10.108697
247.410390	128.788981	10.050587	10.054349
248.037439	129.629662	10.185450	10.027174
247.560594	129.552156	10.092725	10.013587
247.072436	129.527844	10.146905	10.006794
247.856572	129.518091	10.427403	10.003397
247.525349	129.573188	10.485577	10.001698
247.418893	129.638047	10.539838	10.000849
247.871065	130.259414	10.606219	10.000425
247.260284	129.772936	10.825061	10.000212
248.255841	127.550853	10.755856	10.360564
248.011663	127.181242	10.716270	10.444203
247.776287	129.663612	11.289090	10.222101
247.377046	130.358182	11.201654	10.111051
247.329844	130.641129	11.078192	10.055525
247.331896	129.808749	10.729518	10.027763
247.565234	130.346729	10.683128	10.013881
247.768999	129.957356	10.615283	10.006941
247.065595	130.428148	10.776279	10.003470
247.377139	129.858311	10.681269	10.001735
247.706656	130.226996	10.659100	10.000868
247.043032	129.688193	10.710973	10.000434
247.417065	130.098718	10.708127	10.000217
247.725425	129.557842	10.837460	10.000108
247.211932	130.011925	10.998831	10.000054
247.124255	130.047487	11.212009	10.000027
247.147319	130.043756	11.242778	10.000014
247.195239	130.041224	11.281440	10.000007
247.246980	130.013215	11.328037	10.000003
247.348095	129.969755	11.284693	10.000002
247.417649	129.904614	11.302597	10.000001
247.459921	129.864709	11.260041	10.000000
247.474892	129.839059	11.264003	10.000000
247.525818	129.806369	11.287946	10.000000
247.594777	129.816345	11.328957	10.000000
247.683006	129.843446	11.317168	10.000000
247.716054	129.867486	11.360117	10.000000
247.830899	129.843072	11.358192	10.000000
247.281416	129.709831	11.210645	10.000000
247.454649	129.647076	11.112330	10.000000
247.494021	129.622860	11.092452	10.000000
247.522263	129.587003	11.101124	10.000000
247.542367	129.563129	11.125154	10.000000
247.505294	129.508678	11.188880	10.000000
247.634911	129.441749	11.105759	10.000000
247.704628	130.378641	11.154479	10.000000
247.685418	130.304340	11.133541	10.000000
247.729012	130.282663	11.176791	10.000000
247.830364	130.246049	11.123207	10.000000
247.766177	130.252919	11.184580	10.000000
247.888655	130.241102	11.169654	10.000000
247.942800	130.209464	11.159368	10.000000
247.297517	130.046661	11.097343	10.000000
247.312342	130.048910	11.114722	10.000000
247.376610	129.998168	11.127193	10.000000
247.445916	129.976161	11.111315	10.000000
247.503955	129.935044	11.110550	10.000000
247.543076	129.946966	11.130587	10.000000
247.574827	129.934653	11.105681	10.000000
247.680670	129.911481	11.058539	10.000000
247.645954	129.890641	11.103738	10.000000
247.671173	129.837056	11.134976	10.000000
247.711522	129.770924	11.166480	10.000000
247.656714	129.777878	11.202387	10.000000
247.715550	129.783231	11.158913	10.000000
247.835193	129.712704	11.117349	10.000000
247.835145	129.698982	11.155361	10.000000
247.914596	129.697403	11.169597	10.000000
248.009415	129.685235	11.136597	10.000000
247.313547	129.557964	11.092319	10.000000
247.377988	129.501990	11.099484	10.000000
247.470580	129.456563	11.108217	10.000000
247.604557	130.348076	11.081946	10.000000
247.686946	130.286026	11.112711	10.000000
247.761731	130.293228	11.092165	10.000000
247.798013	130.267292	11.063912	10.000000
247.816436	130.247269	11.114431	10.000000
247.887009	130.258077	11.138675	10.000000
247.948855	130.205717	11.133406	10.000000
247.219614	130.139223	11.136735	10.000000
247.339692	130.122382	11.095974	10.000000
247.341864	130.056113	11.146916	10.000000
247.380537	130.030532	11.153020	10.000000
247.477549	130.028407	11.126416	10.000000
247.557452	129.980309	11.107979	10.000000
247.555824	129.992018	11.134614	10.000000
247.663270	129.947810	11.069706	10.000000
247.693331	129.922477	11.087123	10.000000
247.622355	129.864265	11.271561	10.000000
247.620104	129.882538	11.391143	10.000000
247.334235	130.298233	11.475584	10.000000
247.023183	129.695423	11.469881	10.000000
247.681032	130.145666	11.450298	10.000000
247.393726	129.542837	11.441146	10.000000
247.126907	129.997437	11.503017	10.000000
247.904730	130.425497	11.417261	10.000000
247.537984	129.841006	11.427183	10.000000
247.244804	130.265035	11.496610	10.000000
247.977274	129.755974	11.400912	10.000000
247.635393	130.202388	11.504096	10.000000
247.347127	129.685912	11.404454	10.000000
247.084378	130.116775	11.448754	10.000000
247.819417	129.570386	11.419697	10.000000
247.493914	130.013120	11.459854	10.000000
247.176153	129.432434	11.415084	10.000000
247.884382	129.857933	11.397947	10.000000
247.557188	130.329950	11.482679	10.000000
247.313425	129.764009	11.417207	10.000000
247.009265	130.255211	11.418766	10.000000
247.673068	129.701339	11.368852	10.000000
247.730192	129.688449	11.426650	10.000000
247.459955	130.152035	11.475971	10.000000
247.171013	129.620307	11.466012	10.000000
247.887683	130.034858	11.422229	10.000000
247.527085	129.424805	11.397181	10.000000
247.200564	129.894722	11.454108	10.000000
247.867673	130.345206	11.488344	10.000000
247.613728	129.729302	11.372090	10.000000
247.701354	129.713247	11.400625	10.000000
247.368009	130.175795	11.498773	10.000000
247.178826	129.575968	11.382095	10.000000
247.947246	129.969977	11.318724	10.000000
247.315266	129.863914	11.255896	10.000000
247.364195	129.920652	11.269686	10.000000
247.407288	129.927077	11.259449	10.000000
247.404416	129.985029	11.229255	10.000000
247.519242	130.056936	11.167974	10.000000
247.421304	130.188629	11.162361	10.000000
247.742789	128.204866	10.999744	10.397354
247.292120	129.704791	11.072741	10.198677
246.922174	129.700382	11.289495	10.099339
247.122650	129.924437	11.387725	10.049669
247.219180	130.120382	11.636368	10.024835
246.560798	129.436960	11.561838	10.012417
246.715626	129.938322	11.263716	10.006209
247.457134	129.939277	10.882060	10.003104
247.707109	130.237767	10.857591	10.001552
246.972089	129.473878	10.783007	10.000776
246.622153	129.716121	11.000695	10.000388
246.652321	129.436311	11.196179	10.000194
246.986178	130.177392	11.109845	10.000097
246.367342	130.026789	11.210666	10.000049
246.562511	129.833771	11.260599	10.000024
246.703857	129.587595	11.298974	10.000012
247.069846	129.361124	11.125401	10.000006
246.471855	130.267321	11.251815	10.000003
246.837793	129.964135	11.093063	10.000002
247.242633	129.703086	11.053614	10.000001
246.728174	129.554316	11.182859	10.000000
247.183632	129.280348	10.987479	10.000000
246.495332	130.112415	11.113145	10.000000
246.721696	129.855222	11.077940	10.000000
246.786486	129.600766	11.211463	10.000000
246.927871	129.393181	11.279224	10.000000
246.382390	130.279965	11.227898	10.000000
246.600206	130.090651	11.193027	10.000000
246.804463	129.912096	11.200701	10.000000
247.096100	129.656637	11.127020	10.000000
246.445007	129.400757	11.175418	10.000000
246.737748	130.202818	11.060877	10.000000
247.054498	129.953454	10.939477	10.000000
246.834560	130.219212	11.010720	10.000000
247.135472	129.983218	10.932444	10.000000
246.920033	130.189645	10.966256	10.000000
247.050229	129.968462	10.966185	10.000000
246.367820	129.732799	11.065479	10.000000
246.515264	129.549549	11.103185	10.000000
246.811349	129.353867	11.018644	10.000000
247.088033	130.214249	10.904688	10.000000
246.654275	129.573609	11.012212	10.000000
246.792819	129.466255	11.031223	10.000000
247.083177	130.382746	10.835884	10.000000
247.286194	127.785862	10.417942	10.309038
247.105958	128.648958	10.233398	10.329573
246.886505	128.209023	10.233826	10.495732
246.375582	129.811617	10.484729	10.247866
247.037117	130.437903	10.594295	10.123933
246.535213	129.904393	10.817370	10.061967
247.236824	130.295056	10.934769	10.030983
246.543822	130.109716	11.082916	10.015492
246.728245	129.955565	11.115749	10.007746
246.842524	129.753288	11.195788	10.003873
247.096553	129.560021	11.239749	10.001936
246.543084	129.292218	11.228046	10.000968
246.920350	130.072537	11.088464	10.000484
247.089152	129.893586	11.146699	10.000242
246.486400	129.641635	11.321874	10.000121
246.749675	129.443279	11.152205	10.000061
246.541630	130.262183	11.374237	10.000030
246.734307	130.067391	11.287645	10.000015
247.107836	129.936122	11.085523	10.000008
246.500376	129.692876	11.082907	10.000004
246.743388	129.492936	11.150693	10.000002
247.159028	130.304031	11.059625	10.000001
246.511575	130.122549	11.137759	10.000000
246.796147	129.914975	11.111625	10.000000
247.161961	129.657971	11.088554	10.000000
246.487402	129.418010	11.215381	10.000000
246.883060	130.243623	11.116932	10.000000
247.204656	130.027133	11.119933	10.000000
246.583506	129.826565	11.190185	10.000000
247.037929	129.595663	11.058222	10.000000
246.331104	129.454071	11.144385	10.000000
246.648134	130.252145	11.085850	10.000000
247.041764	130.043403	11.010841	10.000000
246.371494	129.876794	11.054678	10.000000
246.592838	129.705721	11.067656	10.000000
246.885391	129.518418	11.012052	10.000000
247.182590	129.351209	10.953770	10.000000
246.524358	130.232482	11.039772	10.000000
246.756223	130.060747	11.025477	10.000000
247.035618	129.939569	10.988824	10.000000
246.330138	129.769010	11.089238	10.000000
246.675594	129.620415	11.001197	10.000000
246.907607	129.446552	10.958486	10.000000
247.191476	130.260806	10.945808	10.000000
246.517679	130.098599	11.027804	10.000000
246.858283	129.929163	10.983161	10.000000
247.150744	129.741476	10.966489	10.000000
246.452929	129.571723	11.050024	10.000000
246.894404	129.318821	10.931829	10.000000
246.702107	129.651653	10.920671	10.000000
246.527062	129.978295	10.965868	10.000000
246.860818	129.757926	10.945004	10.000000
247.209433	129.563415	10.891267	10.000000
246.953494	129.914887	10.975972	10.000000
247.243143	129.748724	10.981342	10.000000
246.560739	129.620198	11.077153	10.000000
246.877864	129.424805	11.049948	10.000000
247.181561	130.191741	10.995904	10.000000
246.554504	129.997450	11.052759	10.000000
246.919651	129.811494	11.001379	10.000000
247.276838	129.612720	10.976201	10.000000
246.677365	129.388074	11.029858	10.000000
247.051315	130.151014	10.957615	10.000000
246.440139	130.018335	11.033202	10.000000
246.771241	129.825817	10.996426	10.000000
247.090549	129.593628	10.960164	10.000000
246.513571	129.403799	10.991997	10.000000
246.890352	130.172269	10.934470	10.000000
246.637840	129.488039	10.974687	10.000000
247.014093	130.284929	10.902383	10.000000
246.835767	129.630766	10.944815	10.000000
247.182029	129.460500	10.951099	10.000000
246.649320	130.310288	10.931954	10.000000
246.568770	129.599953	10.894973	10.000000
246.433508	129.989666	10.928999	10.000000
247.460197	130.324281	10.841500	10.000000
247.293547	129.654059	10.869903	10.000000
247.092473	130.013556	10.889962	10.000000
246.944515	129.305074	10.889328	10.000000
246.782396	129.597941	10.942084	10.000000
246.697898	129.952101	10.856486	10.000000
246.601335	130.280478	10.895411	10.000000
246.429001	129.611656	10.885942	10.000000
247.443455	129.906903	10.842310	10.000000
247.253960	130.216070	10.893737	10.000000
247.136412	129.544492	10.875365	10.000000
247.022933	129.832018	10.851016	10.000000
246.881500	130.152461	10.849230	10.000000
246.785046	129.488547	10.822119	10.000000
246.648154	129.802325	10.799066	10.000000
246.457493	130.127378	10.844978	10.000000
247.410390	129.411856	10.887860	10.000000
247.299442	129.739544	10.903426	10.000000
247.110672	130.111456	10.941935	10.000000
247.012043	129.438792	10.918091	10.000000
246.821367	129.771874	10.984885	10.000000
247.228232	129.563968	10.972867	10.000000
246.679459	129.350414	10.956926	10.000000
247.052369	130.159910	10.917629	10.000000
246.885609	129.526567	10.908992	10.000000
246.769698	129.834898	10.917152	10.000000
246.657219	130.159160	10.913481	10.000000
246.586122	129.473985	10.859631	10.000000
246.400323	129.765204	10.873336	10.000000
247.429723	130.042740	10.801707	10.000000
247.281603	129.382504	10.825071	10.000000
247.061327	129.723721	10.930819	10.000000
246.987079	130.013155	10.910500	10.000000
246.882260	129.330858	10.878034	10.000000
246.765307	129.639718	10.914425	10.000000
246.685523	129.973997	10.948285	10.000000
247.150013	129.755885	10.872810	10.000000
247.095594	130.070957	10.839964	10.000000
246.958177	129.386103	10.826482	10.000000
246.815420	129.701367	10.840860	10.000000
246.698147	130.031168	10.883932	10.000000
246.942454	129.803709	10.490434	10.000000
247.409884	129.970788	10.272790	10.000000
246.929720	130.130321	10.192724	10.000000
247.301428	130.307600	10.185367	10.000000
247.669810	130.477416	10.135894	10.000000
247.144338	130.650515	10.119014	10.000000
247.366046	129.842078	10.182179	10.000000
247.648982	129.980506	10.127431	10.000000
247.059106	130.118592	10.155574	10.000000
247.472545	130.276007	10.093171	10.000000
247.360855	130.000539	10.046585	10.000000
247.298896	129.719856	10.023293	10.000000
247.128592	130.372433	10.068900	10.000000
247.031591	130.073440	10.034450	10.000000
246.914033	129.752463	10.017225	10.000000
247.886178	130.374439	10.008612	10.000000
247.741132	130.094979	10.005793	10.000000
247.517956	129.787923	10.027480	10.000000
247.303855	130.274715	10.028285	10.000000
247.025012	129.812202	10.120255	10.000000
247.816014	129.863258	10.060128	10.000000
248.247358	130.582205	10.030064	10.000000
247.835606	129.498071	10.015032	10.000000
248.067180	128.774255	10.007516	10.000000
246.805901	129.452324	10.149878	10.000000
246.959026	129.993511	10.237278	10.000000
246.915749	129.710030	10.400788	10.000000
247.089202	129.671689	10.418033	10.000000
247.393447	129.688540	10.405273	10.000000
246.997488	129.691552	10.295496	10.000000
247.802110	129.697421	10.232734	10.000000
247.471784	129.801572	10.200431	10.000000
246.903728	129.948440	10.199124	10.000000
247.042303	130.172868	10.255071	10.000000
247.107534	130.354985	10.323086	10.000000
247.280020	130.541425	10.315727	10.000000
247.401991	129.733112	10.324680	10.000000
246.666411	129.939255	10.378361	10.000000
246.929030	130.115578	10.278688	10.000000
247.184193	130.325578	10.224258	10.000000
247.623413	130.521919	10.170039	10.000000
247.136509	129.737411	10.134785	10.000000
247.766023	129.834321	10.067392	10.000000
247.810244	130.422083	10.048064	10.000000
247.888432	130.048585	10.024032	10.000000
247.907391	129.656171	10.012016	10.000000
247.793740	130.279551	10.006008	10.000000
247.559687	129.938376	10.059826	10.000000
247.327385	130.578058	10.100573	10.000000
247.007043	130.273461	10.158796	10.000000
246.907584	130.339339	10.164837	10.000000
246.827520	130.421393	10.211793	10.000000
246.872249	130.453897	10.191927	10.000000
246.964682	130.538223	10.135150	10.000000
247.105618	129.634572	10.079602	10.000000
246.833065	130.146948	10.039801	10.000000
247.591121	129.723053	10.019900	10.000000
247.270007	130.262698	10.009950	10.000000
246.874842	129.836434	10.036783	10.000000
247.596395	130.380174	10.018391	10.000000
247.176924	129.956289	10.009196	10.000000
246.690690	130.527504	10.034881	10.000000
247.300105	130.093239	10.017441	10.000000
246.818333	129.701643	10.008720	10.000000
247.468450	130.303261	10.004360	10.000000
247.076400	129.996270	10.002180	10.000000
246.682516	130.736420	10.001090	10.000000
247.133973	129.694242	10.038969	10.000000
246.685071	129.767648	10.035433	10.000000
246.646981	130.380405	10.205255	10.000000
245.937152	130.656214	10.503467	10.000000
246.199500	129.648691	10.441334	10.000000
246.791090	129.051850	10.223794	10.448198
247.080770	129.105135	10.179284	10.224099
247.132496	130.024601	10.089642	10.112049
246.950356	130.105173	10.186535	10.056025
246.819887	130.136406	10.190562	10.028012
246.579715	130.188144	10.296516	10.014006
246.663158	130.169076	10.185443	10.007003
246.891807	130.212400	10.092721	10.003502
247.671693	129.743317	10.145635	10.001751
247.059565	129.807639	10.114175	10.000875
247.591310	129.767555	10.057087	10.000438
247.529766	130.252493	10.028544	10.000219
247.313481	129.769990	10.082290	10.000109
247.055152	130.305979	10.042538	10.000055
246.591348	129.902678	10.046492	10.000027
247.177935	130.417719	10.023246	10.000014
246.554900	129.990213	10.046257	10.000007
247.066723	130.572711	10.023128	10.000003
246.392060	130.163728	10.044844	10.000002
246.723755	129.718428	10.070118	10.000001
247.174850	130.263054	10.036482	10.000000
246.745283	129.863772	10.018241	10.000000
247.499797	130.465305	10.009120	10.000000
247.143966	129.982061	10.004560	10.000000
246.873449	130.455889	10.002280	10.000000
247.583110	129.972318	10.003406	10.000000
247.193920	130.492515	10.001703	10.000000
246.800071	130.060075	10.007949	10.000000
247.192615	129.626111	10.003974	10.000000
246.544149	130.232063	10.102641	10.000000
246.929067	129.804440	10.060698	10.000000
247.352477	130.331525	10.030349	10.000000
246.717728	129.915554	10.117046	10.000000
246.650284	130.013127	10.137476	10.000000
246.691653	130.075238	10.086337	10.000000
247.237968	129.663151	10.043168	10.000000
246.754849	130.229605	10.044274	10.000000
247.225467	129.792300	10.022137	10.000000
246.712646	130.388305	10.032387	10.000000
247.146633	129.950475	10.030756	10.000000
246.570929	130.501305	10.046046	10.000000
246.960992	130.081610	10.032078	10.000000
247.320261	129.655782	10.025773	10.000000
246.705498	130.241348	10.117036	10.000000
246.564231	130.315030	10.162116	10.000000
246.540992	130.428033	10.129658	10.000000
246.592614	130.530459	10.094775	10.000000
247.180849	130.119116	10.047388	10.000000
246.739702	129.662894	10.023694	10.000000
247.275844	130.195895	10.011847	10.000000
246.700078	129.779986	10.080688	10.000000
247.212978	130.393567	10.040344	10.000000
246.649626	130.007361	10.054681	10.000000
247.043606	129.585186	10.034402	10.000000
246.476200	130.193180	10.086324	10.000000
246.958954	129.756303	10.043162	10.000000
247.517964	130.341460	10.021581	10.000000
246.932246	129.926590	10.082427	10.000000
247.468673	130.527974	10.041214	10.000000
247.027258	130.109153	10.020607	10.000000
246.473692	129.666537	10.039256	10.000000
246.968980	130.222957	10.019628	10.000000
247.357694	129.832647	10.018770	10.000000
246.811424	130.435789	10.065076	10.000000
247.293010	130.010854	10.032538	10.000000
246.807841	129.576525	10.046418	10.000000
247.312955	130.147235	10.023209	10.000000
246.748375	129.733108	10.045826	10.000000
247.255303	130.327426	10.022913	10.000000
246.802477	129.904990	10.030281	10.000000
247.225319	130.475523	10.028317	10.000000
246.654617	130.041413	10.082093	10.000000
247.196216	129.605938	10.041047	10.000000
246.637533	130.150831	10.057206	10.000000
247.147514	129.727677	10.028603	10.000000
246.614279	130.309266	10.080519	10.000000
247.058852	129.903214	10.040259	10.000000
246.512963	130.480377	10.065437	10.000000
247.003351	130.046588	10.032718	10.000000
246.534577	129.636463	10.025991	10.000000
247.066200	130.215883	10.012995	10.000000
246.568280	129.782554	10.057973	10.000000
247.065110	130.403864	10.028987	10.000000
246.534644	129.963116	10.053830	10.000000
247.101438	130.511330	10.026915	10.000000
246.540796	130.096565	10.064563	10.000000
246.964802	129.706239	10.054158	10.000000
247.525521	130.275908	10.027079	10.000000
246.980685	129.838810	10.064633	10.000000
246.562859	130.429512	10.045416	10.000000
247.111755	130.004264	10.022708	10.000000
246.611361	129.577595	10.032533	10.000000
247.088984	130.157403	10.026085	10.000000
246.668581	129.718082	10.013042	10.000000
247.229885	130.312819	10.006521	10.000000
246.663833	129.878540	10.077900	10.000000
247.262078	130.458269	10.038950	10.000000
246.779099	130.039460	10.047786	10.000000
247.293021	129.606359	10.023893	10.000000
246.800642	130.210748	10.072546	10.000000
247.220889	129.748268	10.067094	10.000000
246.720392	130.343730	10.102602	10.000000
247.242780	129.898687	10.051301	10.000000
246.816480	130.441047	10.025651	10.000000
247.404895	130.011587	10.012825	10.000000
246.899967	129.596017	10.077597	10.000000
247.424484	130.192315	10.038798	10.000000
246.898614	129.791415	10.086737	10.000000
247.484243	130.369308	10.043368	10.000000
247.030271	129.913650	10.021684	10.000000
246.452071	130.533441	10.116867	10.000000
246.481178	129.645013	10.058682	10.000000
247.056156	130.212070	10.029341	10.000000
246.551189	129.826676	10.068490	10.000000
247.075318	130.426399	10.034245	10.000000
246.537917	129.975426	10.086334	10.000000
247.086726	130.516472	10.043167	10.000000
246.576361	130.094032	10.083323	10.000000
247.092309	129.714105	10.041661	10.000000
246.631155	130.280035	10.061355	10.000000
247.157270	129.852580	10.030678	10.000000
246.647541	130.429176	10.036523	10.000000
247.165093	129.985040	10.018261	10.000000
246.737902	130.568680	10.009131	10.000000
247.209450	130.140750	10.004565	10.000000
246.760648	129.730432	10.002283	10.000000
247.225462	130.317430	10.001141	10.000000
246.764806	129.868280	10.000571	10.000000
247.266667	130.402750	10.000285	10.000000
246.841804	129.965782	10.000143	10.000000
247.368000	130.562145	10.000071	10.000000
246.850897	130.215549	10.000036	10.000000
247.136194	130.087529	10.158063	10.000000
247.028434	130.315901	10.329491	10.000000
247.200042	130.610860	10.164745	10.000000
247.165391	129.825307	10.082373	10.000000
246.702764	130.441942	10.041186	10.000000
247.235743	130.075140	10.020593	10.000000
246.708406	129.708031	10.010297	10.000000
247.294333	130.318130	10.005148	10.000000
246.891165	129.983149	10.002574	10.000000
247.480399	130.673178	10.001287	10.000000
247.028398	130.311641	10.000644	10.000000
246.485434	129.954862	10.008566	10.000000
247.100386	130.555238	10.004283	10.000000
246.514756	130.199475	10.079336	10.000000
246.973679	129.912221	10.039668	10.000000
247.554498	130.595791	10.019834	10.000000
247.055519	130.184765	10.040097	10.000000
246.591896	129.755496	10.096999	10.000000
247.269971	130.358086	10.048499	10.000000
246.803620	129.975063	10.060586	10.000000
247.330833	130.530011	10.030293	10.000000
246.967527	130.081486	10.015147	10.000000
247.416442	129.611266	10.007573	10.000000
246.955911	130.202858	10.027644	10.000000
247.543010	129.783040	10.013822	10.000000
247.190585	130.353474	10.006911	10.000000
246.786061	129.951298	10.003456	10.000000
247.389674	130.519272	10.001728	10.000000
247.012709	130.090891	10.000864	10.000000
246.651180	129.677035	10.000432	10.000000
247.161781	130.232798	10.000216	10.000000
246.604293	129.801759	10.069434	10.000000
247.230255	130.374016	10.034717	10.000000
246.794792	129.935472	10.041818	10.000000
247.394674	130.513010	10.020909	10.000000
246.980481	130.094762	10.010455	10.000000
247.451211	129.622441	10.005227	10.000000
247.000203	130.211448	10.002614	10.000000
246.563873	129.795059	10.001307	10.000000
247.146171	130.357588	10.000653	10.000000
246.593858	129.947801	10.036708	10.000000
247.155043	130.520566	10.018354	10.000000
246.783281	130.119911	10.009177	10.000000
247.340717	129.653479	10.004588	10.000000
246.907977	130.204818	10.021731	10.000000
247.444378	129.778863	10.010866	10.000000
247.003604	130.323382	10.005433	10.000000
246.529347	129.885533	10.002716	10.000000
247.036255	130.431258	10.001358	10.000000
246.570708	129.967811	10.000679	10.000000
247.102780	130.550656	10.000340	10.000000
246.610791	130.125885	10.026590	10.000000
247.082324	129.704686	10.013295	10.000000
246.634263	130.254137	10.011669	10.000000
247.131686	129.815672	10.005834	10.000000
246.700265	130.393495	10.002917	10.000000
247.102112	129.966510	10.001459	10.000000
246.619495	130.518817	10.000729	10.000000
247.149691	130.130017	10.000365	10.000000
246.636689	129.716407	10.023863	10.000000
247.214300	130.251213	10.011931	10.000000
246.689707	129.839911	10.022665	10.000000
247.278872	130.414636	10.011333	10.000000
246.827272	129.989260	10.005666	10.000000
247.380903	130.580231	10.002833	10.000000
246.930003	130.119543	10.010582	10.000000
247.496663	129.693923	10.005291	10.000000
247.046565	130.270939	10.002646	10.000000
246.458978	129.852900	10.027115	10.000000
247.089799	130.402848	10.013557	10.000000
246.702251	129.937233	10.006779	10.000000
247.215577	130.495718	10.003389	10.000000
246.715102	130.064026	10.011380	10.000000
247.256255	129.659764	10.005690	10.000000
246.822679	130.214352	10.002845	10.000000
247.271447	129.799820	10.001422	10.000000
246.832830	130.406264	10.000711	10.000000
247.389693	129.971022	10.000356	10.000000
246.888219	130.537438	10.004204	10.000000
247.338355	130.134384	10.002102	10.000000
246.894628	129.711721	10.001051	10.000000
247.461864	130.295080	10.000526	10.000000
247.038888	129.868212	10.000263	10.000000
246.556505	130.422472	10.000131	10.000000
247.061722	129.970987	10.000066	10.000000
246.616747	130.502335	10.019029	10.000000
247.111830	130.097388	10.009514	10.000000
246.628905	129.645101	10.004757	10.000000
247.233063	130.226601	10.002379	10.000000
246.731491	129.805581	10.025528	10.000000
247.393795	130.374428	10.012764	10.000000
246.876932	129.959267	10.022286	10.000000
247.478533	130.477791	10.011143	10.000000
246.984616	130.070595	10.005571	10.000000
247.416718	129.640970	10.002786	10.000000
246.980007	130.186268	10.024223	10.000000
247.455688	129.810319	10.012112	10.000000
247.004080	130.410710	10.006056	10.000000
246.459187	130.008506	10.087894	10.000000
246.893174	129.624783	10.043947	10.000000
247.394083	130.221424	10.030362	10.000000
246.861017	129.806616	10.081411	10.000000
247.482757	130.441820	10.040705	10.000000
247.001161	130.030413	10.044472	10.000000
246.503378	129.670161	10.069635	10.000000
247.129903	130.242206	10.034818	10.000000
246.625175	129.849687	10.055649	10.000000
247.216828	130.469879	10.027825	10.000000
246.709863	130.062765	10.025128	10.000000
247.250339	129.642536	10.012564	10.000000
246.752467	130.238703	10.020327	10.000000
247.212961	129.843827	10.010164	10.000000
246.710869	130.431232	10.053356	10.000000
247.228564	130.062709	10.026678	10.000000
246.778854	129.631973	10.013339	10.000000
247.345528	130.217232	10.006669	10.000000
246.843013	129.802130	10.039784	10.000000
247.487614	130.401965	10.019892	10.000000
246.939473	130.007981	10.073496	10.000000
247.501553	129.610404	10.036748	10.000000
247.033459	130.217614	10.037624	10.000000
246.582098	129.811715	10.031135	10.000000
247.199782	130.429014	10.015568	10.000000
246.674486	130.034803	10.042478	10.000000
247.157112	129.689098	10.021239	10.000000
246.686218	130.302751	10.018214	10.000000
247.146761	129.943535	10.009107	10.000000
246.654368	130.538336	10.014907	10.000000
247.079970	130.171521	10.007453	10.000000
246.583731	129.754283	10.029362	10.000000
247.093016	130.389822	10.014681	10.000000
246.507740	129.985869	10.074816	10.000000
247.103354	130.571075	10.037408	10.000000
246.661666	130.161646	10.019997	10.000000
247.085027	129.767079	10.025313	10.000000
246.630401	130.379912	10.036158	10.000000
247.140970	130.052567	10.018079	10.000000
246.633116	129.667734	10.076327	10.000000
247.325394	130.257843	10.038164	10.000000
246.819748	129.852003	10.033170	10.000000
247.350535	130.488513	10.016585	10.000000
246.861005	130.086691	10.035359	10.000000
247.280321	129.672467	10.070528	10.000000
246.835404	130.255749	10.085607	10.000000
247.316228	129.860459	10.042803	10.000000
246.777012	130.474120	10.067642	10.000000
247.250024	130.050967	10.064667	10.000000
246.779269	129.653154	10.082267	10.000000
247.385485	130.226513	10.041134	10.000000
246.982651	129.783148	10.020567	10.000000
247.537688	130.374073	10.010283	10.000000
247.082229	129.933822	10.006268	10.000000
246.681567	130.526024	10.013210	10.000000
247.188684	130.146277	10.006605	10.000000
246.715001	129.747049	10.045091	10.000000
247.273603	130.365680	10.022545	10.000000
246.809374	129.938619	10.050777	10.000000
247.384677	130.520187	10.025389	10.000000
246.885080	130.114488	10.038046	10.000000
247.430721	129.718148	10.019023	10.000000
246.934894	130.317225	10.091383	10.000000
247.531100	129.960892	10.045691	10.000000
247.152572	130.508223	10.040532	10.000000
246.705420	130.076985	10.040536	10.000000
247.204109	129.666937	10.037122	10.000000
246.834600	130.233210	10.018561	10.000000
247.412973	129.825437	10.009281	10.000000
246.938855	130.399450	10.059817	10.000000
247.469229	129.986930	10.033761	10.000000
247.034814	130.537761	10.052984	10.000000
246.600299	130.126526	10.046759	10.000000
247.185167	129.715862	10.023379	10.000000
246.826878	130.297644	10.011690	10.000000
247.348365	129.885939	10.007384	10.000000
246.857241	130.515819	10.038733	10.000000
247.335447	130.126243	10.041824	10.000000
246.963698	129.733417	10.020912	10.000000
247.509470	130.333620	10.010456	10.000000
247.011551	129.936013	10.028964	10.000000
246.584684	130.482111	10.054674	10.000000
247.069183	130.059731	10.027337	10.000000
246.646465	129.658283	10.022215	10.000000
247.245321	130.238255	10.011107	10.000000
246.764565	129.825968	10.072086	10.000000
247.364967	130.452691	10.036043	10.000000
246.862319	130.041523	10.075542	10.000000
247.372425	129.618658	10.044108	10.000000
246.927551	130.194211	10.049462	10.000000
247.405919	129.813605	10.059597	10.000000
246.989463	130.388263	10.049242	10.000000
246.564684	129.982451	10.024621	10.000000
247.143005	130.588134	10.012311	10.000000
246.636898	130.156042	10.037232	10.000000
247.152393	129.776444	10.040997	10.000000
246.820689	130.372821	10.045337	10.000000
247.374068	129.975032	10.022669	10.000000
246.837328	130.569164	10.035420	10.000000
247.356589	130.164921	10.017710	10.000000
246.859006	129.778176	10.010090	10.000000
247.273338	130.359422	10.005045	10.000000
246.649743	129.984723	10.067050	10.000000
247.209280	130.612568	10.033525	10.000000
246.724393	130.212317	10.016763	10.000000
247.083795	129.810478	10.047926	10.000000
246.562094	130.374684	10.068050	10.000000
247.125856	129.979990	10.034025	10.000000
246.623902	130.602680	10.060143	10.000000
247.111777	130.182345	10.047532	10.000000
246.667401	129.819797	10.023766	10.000000
247.158977	130.445483	10.011883	10.000000
246.619754	130.089294	10.024491	10.000000
247.086723	129.714031	10.012245	10.000000
246.484532	130.439294	10.047741	10.000000
246.973086	130.240450	10.033003	10.000000
247.473439	129.589507	10.016501	10.000000
246.079205	130.412703	10.327534	10.000000
245.258528	130.881562	10.720556	10.000000
246.337565	129.996701	10.360278	10.000000
246.022570	129.725466	10.180139	10.000000
246.441344	129.645503	10.107953	10.000000
246.797087	129.654878	10.258722	10.000000
246.436141	129.750193	10.244217	10.000000
245.859461	129.801542	10.436238	10.000000
246.548723	129.868753	10.351266	10.000000
246.227376	129.932159	10.362082	10.000000
246.716411	130.122094	10.379171	10.000000
246.467568	130.242327	10.427701	10.000000
246.430379	130.336148	10.343602	10.000000
246.755091	130.374990	10.267493	10.000000
247.137557	130.408675	10.240553	10.000000
247.613752	130.464391	10.240387	10.000000
247.026814	130.525813	10.371568	10.000000
247.375316	129.603927	10.421843	10.000000
246.796073	129.623452	10.357566	10.000000
247.136950	129.643844	10.178783	10.000000
246.973926	129.732543	10.216204	10.000000
246.738375	129.912601	10.237430	10.000000
246.395912	130.099239	10.326053	10.000000
245.964985	130.263606	10.412916	10.000000
246.704896	130.451304	10.336009	10.000000
246.411657	130.573737	10.348679	10.000000
246.255921	129.739437	10.339540	10.000000
247.464759	129.848300	10.193072	10.000000
246.673182	129.929078	10.139884	10.000000
246.925665	129.947332	10.069942	10.000000
247.553776	130.524524	10.117805	10.000000
247.750298	130.021483	10.058903	10.121900
247.874062	130.516797	10.029451	10.176018
247.803336	130.172496	10.014726	10.088009
247.516856	130.694739	10.007363	10.058877
247.612458	130.801415	10.003681	10.029439
247.667728	130.919129	10.001841	10.018426
247.826938	131.035259	10.000920	10.047861
248.057284	130.136830	10.000460	10.023930
247.515657	130.245527	10.000230	10.011965
247.918271	130.173898	10.000115	10.194881
248.016541	130.661262	10.000058	10.246629
248.163869	130.294374	10.000029	10.217243
248.238242	130.874380	10.000014	10.270957
248.222037	130.564285	10.000007	10.137450
248.101554	130.213600	10.000004	10.068725
247.545135	130.325339	10.000002	10.034362
247.744981	130.452524	10.000001	10.017181
247.938916	130.515812	10.000000	10.042066
248.230976	130.627456	10.000000	10.091303
247.766157	130.788446	10.000000	10.045652
248.157518	130.829858	10.000000	10.095996
247.808043	130.987299	10.000000	10.047998
248.283004	130.005029	10.000000	10.161846
248.205532	130.550498	10.000000	10.189730
248.194322	130.207069	10.000000	10.164639
248.050649	130.770879	10.000000	10.120021
247.948498	130.368314	10.000000	10.060010
248.216366	130.450107	10.000000	10.030005
247.754858	130.599168	10.000000	10.015003
248.133014	130.647926	10.000000	10.007501
247.659390	130.808329	10.000000	10.003751
248.024760	130.869917	10.000000	10.001875
247.549350	131.172137	10.000000	10.000938
247.908319	129.400484	10.000000	10.420763
247.709487	129.422250	10.000000	10.362124
247.462753	129.945507	10.031842	10.181062
249.548310	130.332206	10.157284	10.090531
249.616089	130.495911	10.078642	10.045266
249.516419	129.600325	10.039321	10.022633
249.786387	130.306449	10.021078	10.011316
249.723534	130.007507	10.010539	10.005658
249.646095	130.007054	10.005269	10.002829
248.961995	129.905547	10.002635	10.219124
248.215903	130.490381	10.001317	10.109562
248.282365	129.918766	10.000659	10.054781
247.534827	130.869607	10.000329	10.027391
247.518664	130.703352	10.000165	10.013695
247.406015	130.549804	10.000082	10.006848
247.272800	130.432450	10.000041	10.003424
247.074621	130.372874	10.000021	10.001712
246.687776	129.893962	10.028011	10.000856
247.139945	130.335800	10.131121	10.000428
247.119119	130.312662	10.210321	10.000214
247.291691	130.304206	10.185666	10.000107
247.432218	130.337627	10.284588	10.000053
246.614903	130.411338	10.349164	10.000027
246.927717	130.440804	10.405957	10.000013
247.075461	130.452194	10.386144	10.000007
247.325414	130.409642	10.235325	10.000003
247.260253	130.358793	10.276118	10.000002
247.145814	130.407884	10.381819	10.000001
247.063381	130.455683	10.434374	10.000000
247.118444	130.515939	10.374336	10.000000
247.191454	129.568072	10.319171	10.000000
247.162413	129.589963	10.342620	10.000000
247.211977	129.563686	10.343097	10.000000
247.458658	129.578550	10.249128	10.000000
246.601786	129.600653	10.135975	10.000000
246.543844	129.599579	10.220524	10.000000
246.656189	129.559779	10.174507	10.000000
246.828753	129.509981	10.135629	10.000000
246.830831	129.540322	10.235069	10.000000
246.740670	129.551388	10.333924	10.000000
246.706466	129.570307	10.372036	10.000000
246.830103	129.586229	10.335679	10.000000
246.751733	129.589647	10.408604	10.000000
246.819825	129.583564	10.395346	10.000000
247.031199	129.534081	10.308381	10.000000
247.084480	129.536628	10.295235	10.000000
247.204233	129.507306	10.291117	10.000000
247.200033	129.485990	10.319501	10.000000
247.330115	130.552058	10.275670	10.000000
247.356144	129.587887	10.300508	10.000000
246.543642	129.550942	10.204010	10.000000
246.665291	129.558961	10.214460	10.000000
246.610417	129.612802	10.299424	10.000000
246.686778	129.601132	10.325477	10.000000
246.772433	129.628715	10.327628	10.000000
246.851747	129.674897	10.315386	10.000000
246.881541	129.680430	10.301514	10.000000
247.035972	129.659398	10.284327	10.000000
247.134693	129.710112	10.312645	10.000000
247.099242	129.742485	10.348573	10.000000
247.212327	129.740921	10.321869	10.000000
247.316589	129.731047	10.327006	10.000000
247.422194	129.728003	10.278075	10.000000
246.541278	129.749886	10.212517	10.000000
246.411054	129.767215	10.341184	10.000000
246.617682	129.758413	10.228434	10.000000
246.655906	129.779031	10.269966	10.000000
246.840249	129.757583	10.134983	10.000000
246.933216	129.730059	10.067492	10.000000
247.583239	130.288609	10.033746	10.000000
247.183645	129.787861	10.016873	10.000000
246.785015	130.324897	10.008436	10.000000
247.318273	129.835403	10.004218	10.000000
246.877707	130.359357	10.002109	10.000000
247.440064	129.876447	10.001055	10.000000
247.016433	130.412944	10.000527	10.000000
246.632916	129.968617	10.000264	10.000000
247.337275	130.498481	10.000132	10.000000
246.942231	130.049310	10.000066	10.000000
247.455621	129.607612	10.000033	10.000000
247.118086	130.083872	10.000016	10.000000
246.704524	129.574634	10.000008	10.000000
247.333805	130.129740	10.000004	10.000000
246.874505	129.685865	10.000002	10.000000
247.600513	130.213109	10.000001	10.000000
247.177697	129.771272	10.000001	10.000000
246.823679	130.294457	10.000000	10.000000
247.427619	129.836555	10.000000	10.000000
247.083539	130.424314	10.000000	10.000000
246.691718	130.002121	10.000000	10.000000
247.227363	129.542850	10.000000	10.000000
246.822045	130.119617	10.000000	10.000000
247.408122	129.657412	10.000000	10.000000
247.074415	130.224556	10.000000	10.000000
246.672365	129.794258	10.000000	10.000000
247.372619	130.375731	10.000000	10.000000
247.088656	129.959014	10.000000	10.000000
246.795614	130.500056	10.000000	10.000000
247.456026	130.048109	10.000000	10.000000
247.040471	129.622483	10.000000	10.000000
246.669208	130.179608	10.000000	10.000000
247.284321	129.768784	10.000000	10.000000
246.963915	130.351918	10.000000	10.000000
247.623950	129.903958	10.000000	10.000000
247.244614	130.444080	10.000000	10.000000
246.968171	130.003939	10.000000	10.000000
247.572749	129.542117	10.000000	10.000000
247.219751	130.088967	10.000000	10.000000
246.888835	129.669074	10.000000	10.000000
247.478769	130.262584	10.000000	10.000000
247.181501	129.837839	10.000000	10.000000
246.845685	130.347469	10.000000	10.000000
247.559129	129.903905	10.000000	10.000000
247.148020	130.460314	10.000000	10.000000
246.835433	129.989127	10.000000	10.000000
247.427747	130.544903	10.000000	10.000000
247.165512	130.055902	10.000000	10.000000
246.674290	129.578766	10.000000	10.000000
247.116746	130.108002	10.000000	10.000000
246.448080	129.662766	10.059551	10.000000
246.958090	130.245771	10.029776	10.000000
247.330289	129.804092	10.014888	10.000000
246.777714	130.301167	10.052276	10.000000
247.131032	129.822536	10.032081	10.000000
246.641113	130.325776	10.016634	10.000000
246.966177	129.859351	10.058886	10.000000
247.462336	130.370563	10.029443	10.000000
246.921983	129.879386	10.018848	10.000000
247.457951	130.357859	10.009424	10.000000
246.967484	129.877385	10.004712	10.000000
247.402447	130.394640	10.002356	10.000000
246.859962	129.896379	10.022121	10.000000
247.337257	130.407925	10.011061	10.000000
246.771725	129.917200	10.050012	10.000000
247.220704	130.420434	10.025006	10.000000
246.634897	129.970874	10.054399	10.000000
247.160998	130.490911	10.027200	10.000000
246.632911	130.047981	10.040309	10.000000
246.988546	129.603686	10.022059	10.000000
247.417768	130.128060	10.011029	10.000000
246.875315	129.690208	10.005515	10.000000
247.337957	130.223007	10.002757	10.000000
246.798133	129.780326	10.028819	10.000000
247.240563	130.304558	10.014410	10.000000
246.674278	129.825965	10.049057	10.000000
247.118318	130.338727	10.024528	10.000000
246.533358	129.859882	10.024873	10.000000
247.007486	130.394630	10.012436	10.000000
246.517209	129.905365	10.006218	10.000000
246.883011	130.432874	10.005233	10.000000
247.242950	129.990248	10.005516	10.000000
246.721621	130.471857	10.002990	10.000000
247.135476	129.987160	10.009810	10.000000
246.546190	130.482867	10.065061	10.000000
246.964239	130.017025	10.035692	10.000000
247.347399	129.533629	10.033123	10.000000
246.750471	130.020944	10.069006	10.000000
247.161176	129.537643	10.037508	10.000000
246.568418	130.043180	10.089472	10.000000
247.057095	129.570882	10.044736	10.000000
246.544809	130.053566	10.026811	10.000000
247.031779	129.588294	10.013406	10.000000
246.506072	130.104858	10.012422	10.000000
246.945287	129.671915	10.006211	10.000000
247.392781	130.160881	10.003105	10.000000
246.882784	129.699900	10.007884	10.000000
247.357178	130.231750	10.003942	10.000000
246.863094	129.826132	10.001971	10.000000
247.394658	130.426840	10.000986	10.000000
246.858825	129.995774	10.000493	10.000000
247.418676	130.583534	10.000246	10.000000
247.097969	130.168488	10.000123	10.000000
247.144439	129.763353	10.000062	10.000000
247.034788	130.352953	10.000031	10.000000
247.094548	129.930988	10.000015	10.000000
247.085384	130.448459	10.000008	10.000000
247.157857	129.992052	10.000004	10.000000
247.044961	130.544866	10.000002	10.000000
246.906873	130.093583	10.000001	10.000000
247.642699	129.656271	10.000000	10.000000
247.287705	130.214797	10.000000	10.000000
246.894715	129.831715	10.000000	10.000000
247.562386	130.380353	10.000000	10.000000
247.139314	129.942844	10.000000	10.000000
246.610683	130.507219	10.000000	10.000000
247.211999	130.090468	10.000000	10.000000
246.772648	129.641948	10.000000	10.000000
247.347054	130.217291	10.000000	10.000000
246.917611	129.786312	10.000000	10.000000
247.550595	130.398200	10.000000	10.000000
247.105556	129.971809	10.000000	10.000000
246.692745	130.548549	10.000000	10.000000
247.242086	130.128075	10.000000	10.000000
246.863284	129.717364	10.000000	10.000000
247.474055	130.308853	10.000000	10.000000
247.051522	129.947319	10.000000	10.000000
246.669860	130.562856	10.000000	10.000000
247.322410	130.295905	10.000000	10.000000
247.050230	129.917647	10.000000	10.000000
246.878241	128.994720	10.000000	10.231207
246.721308	130.131370	10.000000	10.115603
245.967491	130.419690	10.180484	10.057802
246.518874	130.424065	10.090242	10.028901
246.071697	130.207147	10.045121	10.014450
245.888762	129.260029	10.039354	10.007225
247.082896	129.134723	10.019677	10.003613
246.337667	128.934344	10.009839	10.001806
246.014266	130.218025	10.187295	10.000903
246.556988	130.124014	10.182671	10.000452
246.305126	130.042484	10.163235	10.000226
247.076987	130.037214	10.081618	10.000113
246.348558	129.611054	10.052080	10.000056
246.536072	130.153484	10.026040	10.000028
246.907350	129.765574	10.013020	10.000014
247.553155	130.341154	10.006510	10.000007
247.349663	129.863483	10.003255	10.000004
247.343816	130.396819	10.001628	10.000002
246.895900	130.004660	10.057755	10.000001
247.458252	129.635044	10.080511	10.000000
247.049249	130.216466	10.101912	10.000000
246.477433	129.809173	10.050956	10.000000
246.873795	130.421846	10.025478	10.000000
246.909021	130.005063	10.018788	10.000000
246.770706	129.646341	10.069207	10.000000
246.662117	130.249145	10.111279	10.000000
245.984359	130.443637	10.217307	10.000000
246.415729	130.567613	10.170297	10.000000
245.844617	129.750212	10.117551	10.000000
246.429806	129.919728	10.085695	10.000000
246.735554	130.485259	10.042848	10.000000
247.082535	130.067745	10.021424	10.000000
246.511459	129.672300	10.010712	10.000000
246.873799	130.287154	10.005356	10.000000
247.289678	129.897401	10.002678	10.000000
246.523726	130.556102	10.014541	10.000000
246.630008	130.172952	10.011950	10.000000
246.586111	129.834982	10.073717	10.000000
246.635185	130.475484	10.036858	10.000000
246.543908	130.174969	10.098005	10.000000
246.577792	129.873877	10.105640	10.000000
246.115100	130.026795	10.196188	10.000000
246.794027	130.158895	10.137267	10.000000
246.518357	130.252411	10.129559	10.000000
246.271018	130.343174	10.123769	10.000000
247.016387	130.527527	10.061884	10.000000
246.261631	130.165119	10.107468	10.000000
247.008086	130.383447	10.053734	10.000000
246.096952	130.062511	10.139329	10.000000
246.662604	130.217984	10.132407	10.000000
246.125938	130.357685	10.273109	10.000000
246.748603	130.500006	10.181084	10.000000
246.263270	129.705735	10.227795	10.000000
246.893973	129.873544	10.159150	10.000000
246.468957	129.998770	10.265660	10.000000
246.196172	130.166734	10.255023	10.000000
246.840037	130.384719	10.154540	10.000000
246.469451	130.545557	10.226665	10.000000
246.031897	129.720728	10.277800	10.000000
246.694455	129.902585	10.179789	10.000000
246.242089	130.035524	10.293509	10.000000
246.913005	130.223964	10.218048	10.000000
246.456482	130.396895	10.307326	10.000000
246.193756	130.552421	10.290532	10.000000
246.831580	129.790676	10.179305	10.000000
246.469657	129.934994	10.210072	10.000000
246.132228	130.088347	10.282245	10.000000
246.847959	130.270256	10.157240	10.000000
246.802557	130.344814	10.177064	10.000000
246.699797	130.416522	10.238820	10.000000
246.645842	130.508437	10.286911	10.000000
246.642339	129.657858	10.253836	10.000000
246.592717	129.745895	10.241922	10.000000
246.576586	129.812518	10.222367	10.000000
246.523407	129.911439	10.198786	10.000000
246.497991	130.018057	10.206465	10.000000
246.429637	130.105863	10.197351	10.000000
246.432025	130.185433	10.145251	10.000000
246.294459	130.297332	10.217184	10.000000
247.310263	130.426764	10.159907	10.000000
247.234214	130.520609	10.203799	10.000000
247.240471	129.643218	10.163102	10.000000
247.165136	129.752612	10.168631	10.000000
247.138444	129.845464	10.148214	10.000000
247.094682	129.913085	10.152549	10.000000
247.039904	130.015591	10.167264	10.000000
247.088172	130.102789	10.102581	10.000000
246.633331	129.706338	10.054239	10.000000
247.166983	130.321347	10.027119	10.000000
246.623706	129.941879	10.039250	10.000000
247.105782	130.557907	10.019625	10.000000
246.543511	130.226750	10.030575	10.000000
246.988801	130.001786	10.015287	10.000000
247.500018	129.761507	10.007644	10.000000
246.974717	130.527056	10.033666	10.000000
247.546463	130.276583	10.016833	10.000000
247.047103	130.022432	10.008416	10.000000
246.619387	129.737961	10.009506	10.000000
247.188067	130.539367	10.021501	10.000000
246.473085	130.462845	10.132390	10.000000
246.211180	130.750587	10.167108	10.000000
247.095313	129.955518	10.097905	10.000000
246.526250	130.640198	10.162886	10.000000
246.481365	129.778630	10.144753	10.000000
246.365061	129.829583	10.217312	10.000000
247.428002	129.949525	10.161019	10.000000
246.436156	130.069292	10.151675	10.000000
246.350337	130.213254	10.169518	10.000000
247.344985	130.325551	10.126113	10.000000
247.260290	130.433693	10.180641	10.000000
247.287219	130.516985	10.151084	10.000000
247.232596	129.667504	10.159049	10.000000
247.194248	129.813045	10.169534	10.000000
247.224036	129.947785	10.138461	10.000000
247.177661	130.040446	10.162263	10.000000
247.123620	130.138798	10.155603	10.000000
247.108043	130.214042	10.110802	10.000000
247.095260	130.305293	10.116728	10.000000
246.934763	130.392988	10.198815	10.000000
246.883434	130.452194	10.210735	10.000000
246.837398	130.543633	10.202267	10.000000
246.670957	129.644812	10.246051	10.000000
246.625908	129.704822	10.221500	10.000000
246.565692	129.749486	10.229275	10.000000
246.511893	129.853551	10.228444	10.000000
246.396538	129.957576	10.264337	10.000000
246.245211	130.015616	10.332870	10.000000
247.269484	130.143069	10.224052	10.000000
247.221257	130.222387	10.245232	10.000000
247.154638	130.284659	10.253554	10.000000
247.085957	130.365616	10.230062	10.000000
246.994952	130.432771	10.235845	10.000000
246.958728	130.533144	10.215416	10.000000
246.931162	129.644309	10.177279	10.000000
246.883757	129.738115	10.196752	10.000000
246.871172	129.817390	10.195689	10.000000
246.804703	129.880224	10.221146	10.000000
246.728919	129.970752	10.250316	10.000000
246.668222	130.078594	10.260963	10.000000
246.702900	130.138786	10.232145	10.000000
246.628234	130.197655	10.242984	10.000000
246.590822	130.270090	10.212922	10.000000
246.469536	130.356243	10.250407	10.000000
246.432013	130.454778	10.205451	10.000000
246.353306	130.553291	10.223885	10.000000
247.317226	129.739266	10.168911	10.000000
247.205995	129.815006	10.218120	10.000000
247.177162	129.885584	10.217199	10.000000
247.174445	129.979502	10.182084	10.000000
247.094881	130.043303	10.194682	10.000000
247.017415	130.083703	10.217370	10.000000
246.975004	130.139345	10.187615	10.000000
246.926497	130.200344	10.180351	10.000000
246.836908	130.315793	10.207413	10.000000
246.724023	130.401927	10.221818	10.000000
246.737572	130.486110	10.170989	10.000000
246.696441	130.572650	10.171065	10.000000
246.574212	129.691839	10.188119	10.000000
246.579150	129.768106	10.129154	10.000000
246.403833	129.866001	10.211884	10.000000
246.270121	129.939583	10.249563	10.000000
247.256279	130.062837	10.170062	10.000000
247.135233	130.145118	10.211441	10.000000
247.121302	130.241437	10.182583	10.000000
247.063204	130.287846	10.185560	10.000000
246.985446	130.375390	10.182027	10.000000
246.949148	130.440045	10.161848	10.000000
246.849710	130.541703	10.158095	10.000000
247.237831	129.964412	10.079048	10.007989
247.126591	130.869714	10.039524	10.003994
247.030779	130.803759	10.019762	10.029918
246.920389	130.848341	10.009881	10.035432
247.797361	130.805770	10.004940	10.022820
247.651874	130.766771	10.002470	10.040144
247.499787	130.772685	10.001235	10.020072
247.342981	130.764920	10.000618	10.010036
247.115543	130.753672	10.000309	10.018964
246.951271	130.729951	10.000154	10.009482
247.829655	130.664488	10.000077	10.052237
247.737932	130.670820	10.000039	10.042468
247.549497	130.714715	10.000019	10.021234
247.401802	130.689809	10.000010	10.019431
247.298128	130.698991	10.000005	10.009715
247.122545	130.688460	10.000002	10.022302
246.954343	130.697576	10.000001	10.011151
247.788198	130.625623	10.000001	10.005576
247.611052	130.597152	10.000000	10.002788
247.483328	130.574943	10.000000	10.040624
247.340667	130.574459	10.000000	10.023400
247.281624	130.534542	10.000000	10.011726
247.213350	130.520601	10.000000	10.023620
247.056294	130.532442	10.000000	10.011810
246.914817	130.490221	10.000000	10.025991
247.878420	130.442698	10.000000	10.012995
247.714740	130.398790	10.000000	10.009342
247.583077	130.319957	10.000000	10.004671
247.487389	130.311016	10.000000	10.050555
247.347925	130.326961	10.000000	10.087269
247.209191	130.365073	10.000000	10.093767
247.096433	130.383108	10.000000	10.088649
246.979239	130.434236	10.000000	10.063276
247.800856	130.417932	10.000000	10.031638
247.624458	130.405247	10.000000	10.118401
247.043798	130.917993	10.000000	10.059201
246.919552	130.968885	10.000000	10.039615
247.828254	130.996702	10.000000	10.019807
247.825403	130.008648	10.000000	10.061776
247.777498	129.956911	10.000000	10.048404
247.761981	130.905309	10.000000	10.049640
247.638511	130.953643	10.000000	10.045679
247.539258	130.926106	10.000000	10.063269
247.444401	130.983136	10.000000	10.031635
247.369066	131.021262	10.000000	10.018344
247.415232	130.014188	10.000000	10.083140
247.203530	130.095765	10.000000	10.041570
247.126415	130.113060	10.000000	10.020785
246.990502	130.134908	10.000000	10.035644
247.905557	130.120818	10.000000	10.017822
247.922043	129.713497	10.097926	10.008911
247.668206	129.835872	10.138472	10.004456
247.402222	129.974569	10.209243	10.002228
247.141578	130.107714	10.256206	10.001114
247.922625	130.274601	10.282632	10.000557
247.705910	130.399248	10.267767	10.000278
247.479544	130.540833	10.257004	10.000139
247.165263	129.712151	10.264500	10.000070
247.944249	129.784226	10.258848	10.000035
247.699448	129.925931	10.248172	10.000017
247.414242	130.076555	10.221802	10.000009
247.147162	130.283688	10.193673	10.000004
247.914882	130.554598	10.171012	10.000002
247.624547	129.829265	10.126539	10.000001
247.608851	128.015376	10.132052	10.525209
247.933084	128.026949	10.066026	10.630789
248.056827	128.209655	10.061127	10.639531
247.184188	129.783129	10.133736	10.319766
247.926807	129.922338	10.197772	10.159883
247.456651	129.687005	10.238504	10.079941
247.170814	129.070074	10.119252	10.039971
248.059951	128.367271	10.164598	10.529738
247.273167	128.812310	10.970468	10.367068
247.423019	128.885024	11.444263	10.183534
247.103598	130.329004	11.443087	10.091767
247.727086	130.021925	10.976869	10.045884
247.694684	130.226890	10.816473	10.022942
247.223271	130.034808	10.559584	10.011471
247.601804	129.787969	10.359641	10.005735
247.472162	129.953152	10.293611	10.002868
247.222897	130.134714	10.323912	10.001434
248.091480	130.259917	10.276393	10.000717
247.904630	130.398581	10.221889	10.000358
247.644688	130.529764	10.268465	10.000179
247.485642	129.722154	10.220085	10.000090
247.303847	129.834391	10.258192	10.000045
248.179329	129.968468	10.246291	10.000022
247.972361	130.098861	10.258282	10.000011
247.791250	130.230706	10.258624	10.000006
247.565758	130.385616	10.278657	10.000003
247.379813	130.537590	10.274535	10.000001
247.147472	129.768973	10.306416	10.000001
247.945305	129.941438	10.292485	10.000000
247.782808	130.052262	10.270365	10.000000
247.586909	130.158928	10.290976	10.000000
247.326468	130.296463	10.289274	10.000000
248.100055	130.441299	10.330814	10.000000
247.926231	130.606978	10.307820	10.000000
247.774213	129.786225	10.231811	10.000000
247.517126	129.913917	10.223565	10.000000
247.316034	130.108625	10.244481	10.000000
248.181680	130.319725	10.230636	10.000000
248.053293	130.558392	10.248610	10.000000
247.881106	129.794120	10.215448	10.000000
247.735610	130.001584	10.262409	10.000000
247.572968	130.191496	10.280977	10.000000
247.289811	130.501234	10.701673	10.000000
247.769028	130.279843	10.473366	10.000000
247.724119	130.479173	10.383645	10.000000
247.676992	130.706223	10.370641	10.000000
247.592906	129.946111	10.330810	10.000000
247.478208	130.148791	10.308932	10.000000
247.311306	130.342994	10.353112	10.000000
248.168172	130.544054	10.297351	10.000000
248.051840	129.758953	10.242644	10.000000
247.912198	129.981874	10.222431	10.000000
247.703947	130.184706	10.290751	10.000000
247.605809	130.372333	10.267618	10.000000
247.409597	130.559452	10.302594	10.000000
247.271421	129.765926	10.274202	10.000000
248.079221	129.974167	10.295499	10.000000
247.897115	130.182051	10.335874	10.000000
247.792458	130.396689	10.301590	10.000000
247.610137	130.596022	10.319812	10.000000
247.436081	129.802218	10.293952	10.000000
247.312041	129.987325	10.287424	10.000000
248.131607	130.208727	10.277861	10.000000
247.966258	130.400992	10.361862	10.000000
247.890960	130.616338	10.300422	10.000000
247.717486	129.852390	10.279152	10.000000
247.530720	130.049819	10.293491	10.000000
247.379316	130.241220	10.345889	10.000000
247.190139	130.442536	10.362065	10.000000
248.091505	130.639598	10.406245	10.000000
247.951025	129.864743	10.378124	10.000000
247.839725	130.087215	10.311721	10.000000
247.662498	130.280423	10.309161	10.000000
247.525161	130.462692	10.288608	10.000000
247.417108	130.686690	10.259213	10.000000
247.210397	129.914057	10.278390	10.000000
248.049471	130.111613	10.308258	10.000000
247.898166	130.301367	10.299821	10.000000
247.764900	130.476218	10.264161	10.000000
247.565838	130.667563	10.298996	10.000000
247.356261	129.898799	10.324831	10.000000
247.244893	130.125074	10.271064	10.000000
248.097548	130.353607	10.259943	10.000000
247.911016	130.573471	10.290586	10.000000
247.698991	129.775912	10.299242	10.000000
247.539287	129.951072	10.289969	10.000000
247.316445	130.213613	10.297575	10.000000
248.050990	130.472759	10.325577	10.000000
247.889742	130.699429	10.332317	10.000000
247.744791	129.981514	10.334062	10.000000
247.569927	130.182634	10.307795	10.000000
247.405563	130.404915	10.313148	10.000000
247.252582	130.667116	10.299035	10.000000
248.132828	129.943198	10.284887	10.000000
247.942402	130.163446	10.276064	10.000000
247.730168	130.389781	10.322075	10.000000
247.606009	130.579991	10.317251	10.000000
247.393305	129.842288	10.276373	10.000000
247.183190	130.106634	10.248410	10.000000
248.062758	130.477945	10.150103	10.000000
247.754560	130.718752	10.214816	10.000000
247.402234	129.862893	10.262211	10.000000
247.161680	130.179483	10.204445	10.000000
248.013944	130.469621	10.172032	10.000000
247.857858	130.837209	10.122812	10.000000
247.555595	130.225757	10.096236	10.000000
247.604616	130.049804	10.076344	10.000000
247.682176	129.874802	10.060675	10.000000
247.877133	130.608238	10.109132	10.000000
247.607864	129.883289	10.132750	10.000000
247.347704	130.129767	10.205922	10.000000
248.177025	130.400249	10.167797	10.000000
247.930270	130.640694	10.174358	10.000000
247.675026	129.894869	10.212542	10.000000
247.484325	130.091532	10.184163	10.000000
247.210875	130.298451	10.225211	10.000000
248.019242	130.549632	10.201975	10.000000
247.713930	129.855394	10.228852	10.000000
247.448561	130.116668	10.281419	10.000000
247.224391	130.387562	10.333848	10.000000
248.048748	130.651894	10.311680	10.000000
247.856746	129.899234	10.278638	10.000000
247.702834	130.127272	10.300972	10.000000
247.429776	130.409428	10.368104	10.000000
247.226090	130.603665	10.392282	10.000000
248.030306	129.875724	10.379359	10.000000
247.839484	130.103720	10.352342	10.000000
247.649752	130.356522	10.383043	10.000000
247.487619	130.585813	10.352676	10.000000
247.227449	129.821850	10.374126	10.000000
247.981536	130.046969	10.400026	10.000000
247.772008	130.264922	10.410723	10.000000
247.540945	130.482013	10.420422	10.000000
247.356592	130.681178	10.413828	10.000000
247.143832	129.963788	10.430890	10.000000
