2.600000	114.800000	28.600000	10.200000
4.768070	114.534567	28.579170	10.241816
6.660020	114.172450	28.665613	10.303277
8.053911	114.814117	28.776479	10.283707
10.246989	114.631777	28.661442	10.264525
11.277187	114.484410	28.511031	10.172279
13.091364	114.019399	28.602711	10.165385
15.595005	114.387241	28.613967	10.152463
16.827279	114.788572	28.639445	10.126047
18.872428	114.227086	28.677578	10.148498
20.491291	114.671186	28.583282	10.103408
22.656565	114.540811	28.555253	10.168513
24.432724	114.022217	28.370975	10.141781
27.036959	113.767584	28.612076	10.281885
29.242476	114.114328	28.433873	10.256305
31.745246	114.341188	27.980801	10.345236
33.679826	113.910476	27.399599	10.455197
35.639794	113.303364	26.732982	10.535697
37.801583	113.004801	25.798247	10.620394
40.249153	113.145829	24.767589	10.614814
42.094330	113.643302	23.578738	10.577279
44.667220	113.444597	22.570000	10.593717
46.142460	112.670339	21.275527	10.644122
48.100760	112.938896	20.092633	10.551312
50.034630	112.645193	19.051692	10.496362
52.296273	113.756123	17.980727	10.255801
54.247408	113.497005	16.408166	10.258992
56.948599	112.941622	14.833131	10.129496
58.957951	113.309147	13.337899	10.064748
60.450423	113.232549	11.951512	10.032374
62.901483	113.867222	10.975756	10.016187
64.578324	114.564440	10.487878	10.008093
65.689749	113.824897	10.243939	10.004047
81.373923	112.574788	11.090409	10.002023
81.836845	114.011893	12.528038	10.001012
82.044596	113.964593	13.246378	10.000506
82.805701	114.930839	13.899266	10.000253
82.958517	113.880798	13.976910	10.000126
82.752881	112.050261	14.183527	10.000063
83.729156	110.451834	14.290237	10.409672
83.588696	112.183394	14.322577	10.204836
83.889846	114.325385	14.524723	10.102418
84.540914	113.296015	14.305784	10.051209
85.486325	113.992782	13.810377	10.025605
86.512350	114.286612	13.175468	10.012802
88.106292	114.571194	11.924444	10.006401
89.670109	115.305202	10.962222	10.003201
86.227768	107.527315	12.382878	10.001600
84.722171	103.981320	13.520837	10.000800
85.544591	104.759998	14.228786	10.000400
85.561078	104.745160	14.649807	10.000200
85.616657	104.139373	14.315419	10.000100
87.024048	104.330814	14.162032	10.000050
86.686975	105.759955	14.555513	10.347251
87.870455	106.015391	14.705498	10.443404
87.578141	106.056507	14.579476	10.408981
88.014609	106.340313	14.585863	10.249802
86.952339	107.016238	14.706048	10.146075
86.767584	106.229514	14.331055	10.353797
85.762798	106.261667	14.218343	10.535271
84.751640	105.739330	14.700280	10.493282
83.666152	106.396329	15.559209	10.578996
84.330542	105.887423	15.546908	10.693429
81.785592	105.628561	16.632617	10.549355
80.595436	106.477175	17.110713	10.361298
79.902462	106.212084	17.156710	10.215072
79.148969	105.733828	16.360257	10.107536
78.079315	106.146536	14.618713	10.378116
77.292348	105.356403	14.637250	10.523808
76.879299	105.634100	13.729516	10.261904
75.367639	104.968836	13.499454	10.130952
75.572977	105.162368	12.841836	10.065476
74.600879	105.126521	12.597947	10.032738
74.132619	104.321628	12.698819	10.016369
73.244908	104.716157	12.602846	10.008184
72.692200	104.850977	12.907372	10.004092
72.374471	104.115012	13.704640	10.002046
71.583286	104.371221	14.396154	10.001023
71.220882	103.932771	14.863187	10.068101
70.031593	103.871636	15.016734	10.078607
68.922243	103.471119	15.163905	10.178430
68.432763	103.264087	15.342110	10.264867
68.289041	103.172157	15.200095	10.424760
67.076829	102.869386	15.408336	10.604978
67.325497	101.990819	15.467182	10.719199
66.541389	101.587122	15.619069	10.971573
66.634394	101.469923	15.571230	11.190834
65.676851	101.212833	15.603026	11.167792
65.699438	101.548826	15.426574	11.217595
64.847222	100.549979	15.187927	11.278476
65.370540	100.421675	15.220841	11.448524
64.605140	99.788664	15.280677	11.575996
63.547538	99.924164	15.241738	11.615618
62.633846	99.877232	15.251985	11.672236
62.788136	99.104016	15.057076	11.838163
62.558549	99.140143	15.032008	11.987682
62.404247	99.006518	15.047680	12.106258
62.073335	98.939159	15.031826	12.140307
61.458821	98.923432	15.210224	11.989985
61.393880	97.712348	15.135929	12.249812
61.744561	98.000334	15.178135	12.294507
61.458943	97.259249	15.068550	12.307900
61.817892	96.798117	14.782252	12.511501
61.166609	96.148591	14.396025	12.583246
61.682370	96.849075	14.085274	12.600130
61.581071	95.502569	13.853286	12.833306
60.733217	95.573563	13.283908	12.738630
61.553409	95.293545	13.041231	12.757876
60.787716	94.778949	12.663199	12.950860
60.729364	94.242622	12.345888	12.954507
61.082356	94.017851	12.025018	12.947020
61.098878	94.387745	11.646765	12.880995
61.366246	93.562144	11.371497	12.906108
61.515266	93.313169	11.121455	12.967091
61.825757	93.547927	10.763960	12.936059
62.672517	92.965528	10.381980	12.886760
63.132465	92.563128	10.242160	12.780596
63.603383	92.370465	10.121080	12.738501
63.763050	91.843233	10.060540	12.723091
64.024545	91.743810	10.030270	12.729363
65.030580	91.459945	10.015135	12.816571
64.939274	91.568316	10.007567	12.558612
66.679050	91.609738	10.105545	12.441969
67.221572	91.010623	10.118920	12.574153
66.883921	90.701912	10.060706	12.257353
68.956047	91.502243	10.030353	11.844525
69.129811	90.149328	10.025582	12.200562
70.474355	90.333317	10.075047	11.978493
70.850510	89.513265	10.092391	12.105330
71.999227	88.103592	10.046195	12.400858
71.751761	88.473821	10.091805	12.201712
73.332271	88.016818	10.045902	12.265752
72.996048	87.360884	10.022951	12.317762
73.048589	87.948589	10.126677	12.005670
74.431394	87.053273	10.127373	12.115245
74.792589	86.856137	10.267515	12.212086
75.056527	87.027335	10.459018	12.205278
75.635105	86.692795	10.494761	12.012217
76.165706	86.192600	10.367557	12.087855
76.093233	85.553817	10.489251	12.121843
76.940416	86.148526	10.377499	11.761768
77.804738	85.314300	10.244316	11.825101
78.981790	85.338384	10.253997	11.725369
79.700420	84.669231	10.356125	11.770083
80.456538	83.733514	10.511673	11.770904
81.928344	83.956202	10.604003	11.670222
82.011060	83.713109	10.667728	11.680007
83.562850	83.200226	10.702603	11.738853
85.100018	82.730828	10.740438	11.548854
85.490915	83.335872	10.830995	11.199405
87.205275	82.698449	10.680423	11.223781
87.446398	83.028465	10.838373	10.909102
89.046372	82.892033	10.881847	10.720344
90.085148	81.868344	10.784552	10.652090
91.019163	81.478243	10.798001	10.581591
91.254112	82.186964	10.834067	10.321353
92.714176	81.695255	10.603079	10.337874
93.257390	80.894595	10.693938	10.332809
93.732471	81.231124	10.655381	10.166405
94.132961	80.605579	10.632000	10.151268
95.107932	80.501249	10.609544	10.222852
94.880796	79.976077	10.618069	10.349430
95.490528	80.312967	10.309035	10.218803
96.111853	80.055429	10.154517	10.133005
96.175247	80.210411	10.077259	10.132604
96.413185	80.802489	10.038629	10.066302
97.074754	81.010335	10.019315	10.033151
96.408934	81.078187	10.009657	10.016576
96.243029	81.112170	10.004829	10.008288
96.863490	81.320803	10.002414	10.004144
95.708533	81.306385	10.001207	10.002072
94.040521	81.884131	10.115990	10.001036
94.945868	78.010911	10.237373	10.121164
97.840071	76.828449	10.408496	10.588798
97.367117	75.162107	12.243443	11.627419
97.069387	74.797015	12.320027	11.908699
97.773922	73.466989	12.377123	12.130484
97.952410	74.093250	12.293158	11.908508
96.417585	73.821261	12.484878	11.863280
81.583729	60.614195	21.662853	20.116582
72.711931	55.752443	22.995341	16.642885
71.473031	55.413409	24.357604	14.622818
72.099794	54.574816	23.918727	14.249245
70.547862	57.092359	24.024278	13.422906
70.775056	56.554020	23.799266	12.614326
70.045766	55.333078	23.034057	12.728144
68.614574	55.249570	21.986573	12.523855
66.979180	55.032623	19.953124	13.344150
66.430035	54.490387	18.950588	13.179844
68.536126	54.618892	19.076629	12.997559
67.677007	53.878806	19.350817	12.844498
69.338175	54.031909	20.796259	12.325813
68.802586	53.565667	20.910862	12.374053
69.357109	53.714824	21.048725	12.693016
69.405219	53.592998	20.725812	12.823288
70.103555	53.678293	20.227679	12.930628
70.372494	53.387455	20.074635	12.701110
70.339745	53.275668	20.762226	12.604218
70.289069	53.980407	21.171929	12.367420
70.149866	53.505330	20.875380	12.413469
71.711851	53.976078	20.012144	12.233543
