241.400000	110.600000	4.200000	11.400000
240.777148	110.504647	7.100000	11.626626
239.589182	107.566735	8.550000	13.125041
239.070711	105.878243	9.275000	14.926000
238.521318	106.061368	9.637500	15.961585
238.044971	105.195862	9.818750	16.542632
238.424949	105.307225	9.909375	17.052726
238.190931	104.570343	9.954688	17.460852
237.626222	104.816894	9.977344	17.556643
237.369263	104.473554	9.988672	17.891961
237.476578	104.465438	9.994336	18.189864
237.440692	103.925506	9.997168	18.184558
237.168062	105.539973	9.998584	17.700004
235.816334	106.351237	9.999292	16.961624
236.121191	105.626353	9.999646	17.024722
235.771346	105.506520	9.999823	17.244886
235.392872	106.036379	9.999911	16.828834
235.482069	105.862249	9.999956	17.215028
235.171822	106.004199	9.999978	17.359329
233.737484	106.210563	9.999989	17.147761
233.515912	105.971473	9.999994	16.938248
233.044815	105.236007	9.999997	17.484931
232.320870	106.001891	9.999999	17.460994
231.687955	106.703387	9.999999	17.033187
231.224361	107.724646	10.000000	16.221866
230.434013	107.791513	10.000000	15.856633
230.772416	108.203279	10.000000	15.224393
229.697521	108.419250	10.000000	15.100022
229.489689	109.240780	10.000000	14.472727
226.973076	108.636172	10.000000	14.494281
227.653339	109.270163	10.000000	14.273582
227.013301	107.684868	10.000000	14.741188
226.661934	107.091234	10.000000	15.377439
226.142070	107.701548	10.000000	15.557863
224.845621	108.415729	10.000000	15.107128
224.525409	109.387769	10.000000	14.450231
224.371573	108.748515	10.000000	14.539051
223.867468	107.507219	10.000000	14.832904
222.657811	108.700692	10.000000	14.602136
222.514366	108.423309	10.000000	14.344789
221.506476	109.999590	10.000000	13.750728
220.183710	109.785760	10.000000	13.557367
219.582490	110.323161	10.000000	13.224951
219.341816	110.359736	10.000000	13.245059
218.488157	110.402326	10.000000	13.251010
218.205869	109.361728	10.000000	13.302613
217.127757	109.349988	10.000000	13.211093
215.995087	110.231180	10.000000	13.285414
215.783284	110.259307	10.000000	13.291570
214.742177	110.343389	10.000000	13.321476
214.297661	109.448549	10.000000	13.310133
214.032551	108.429426	10.000000	14.098027
213.745012	109.179214	10.000000	14.539128
213.423004	108.196253	10.000000	14.842947
212.785250	107.542876	10.000000	15.263087
211.782391	107.975159	10.000000	15.400680
210.811693	108.684458	10.000000	15.436838
210.366284	108.188839	10.000000	15.442889
209.470048	108.422264	10.000000	15.676094
209.383761	107.466082	10.000000	16.064679
208.697369	107.539981	10.000000	16.409909
207.830109	107.373186	10.000000	16.479637
207.134747	107.714638	10.000000	16.331322
205.663927	108.095538	10.000000	16.215848
205.590314	107.604962	10.000000	16.009716
204.490165	107.583972	10.000000	15.874438
204.502213	106.740491	10.000000	16.139873
203.422293	107.358278	10.000000	16.176419
203.011158	107.787419	10.000000	15.990486
202.475073	107.928049	10.000000	15.662444
202.271072	107.663214	10.000000	15.646754
201.147588	108.608786	10.000000	15.463430
200.570406	108.469217	10.000000	15.214835
200.826086	108.391201	10.000000	14.990068
200.183903	108.344685	10.000000	15.049711
199.908337	108.515732	10.000000	14.921319
199.083466	107.832746	10.000000	15.296159
198.470602	108.532274	10.000000	15.079678
198.628634	108.198365	10.000000	15.121608
197.711466	108.370203	10.000000	14.897741
197.405468	108.673228	10.000000	14.618993
197.783997	109.126628	10.000000	14.717658
197.317291	108.469685	10.000000	14.971166
197.729331	108.083673	10.000000	15.079877
196.966556	107.886294	10.000000	15.028934
197.003984	109.665712	10.000000	14.594041
195.988056	108.449565	10.000000	14.908172
196.211422	108.090648	10.000000	14.925970
196.303537	107.627289	10.000000	14.992846
196.118311	108.340499	10.000000	15.123208
195.699309	108.305975	10.000000	15.006399
194.998364	108.411516	10.000000	14.813868
195.270265	108.573306	10.000000	14.696292
195.385573	108.466106	10.000000	14.695372
195.587263	109.391066	10.000000	14.281408
195.220616	108.159132	10.000000	14.714434
195.707781	107.383953	10.000000	15.035965
195.398472	107.640924	10.000000	15.402016
195.684481	106.938863	10.000000	15.880918
195.468449	106.980075	10.000000	16.162976
196.293789	106.822785	10.000000	16.404847
196.707183	106.142395	10.000000	16.632408
197.285352	106.198421	10.000000	16.969020
197.425814	106.334310	10.000000	16.822682
197.534425	106.404854	10.000000	16.756876
197.073467	106.719767	10.000000	16.593788
196.796277	106.817594	10.192080	16.283938
197.568173	107.907392	10.553985	16.151430
197.051893	107.323486	10.776277	16.018076
197.097181	107.506336	11.202841	15.755797
198.415097	107.234650	11.027690	15.713457
198.917853	106.655800	10.558255	15.878946
199.654337	106.188938	10.279128	16.040394
200.340398	105.955064	10.139564	16.036609
200.707241	106.693473	10.069782	15.794957
201.354619	105.903515	10.034891	15.575264
201.935690	106.881483	10.017445	15.356568
202.414742	105.915117	10.008723	15.601416
201.976251	106.112422	10.004361	15.959920
202.393430	106.019571	10.002181	16.343979
203.000391	105.401295	10.001090	16.623737
198.609782	106.726879	10.000545	16.347806
202.047999	106.476194	10.000273	16.431290
203.543212	106.259519	10.000136	16.523388
199.167663	106.288298	10.000068	16.379168
202.095916	105.416890	10.000034	16.664752
203.317904	105.852679	10.000017	16.821680
201.784068	106.080937	10.000009	16.707065
204.669746	106.143764	10.000004	16.905267
204.118605	105.768693	10.000002	16.755943
203.475101	105.793506	10.000001	16.801865
201.497013	106.436248	10.000001	16.591431
203.914368	107.109343	10.000000	16.267442
202.685007	106.216188	10.000000	16.195269
200.819701	105.998831	10.000000	16.329356
203.066921	106.507495	10.000000	16.108205
202.141507	106.655026	10.000000	15.878240
202.116764	105.965933	10.000000	16.163229
201.239730	106.672848	10.000000	16.115360
199.885495	105.808666	10.000000	16.324329
202.246897	107.039555	10.000000	16.201134
201.890885	105.963314	10.000000	16.264183
201.810893	106.185655	10.000000	16.171620
201.310926	107.087554	10.000000	16.012403
201.051246	107.042860	10.000000	15.927147
200.479153	107.250852	10.000000	15.751252
200.741309	107.685336	10.000000	15.548369
200.733776	107.434781	10.000000	15.349723
200.808027	107.432748	10.000000	15.112750
200.610639	107.462410	10.000000	15.244787
200.594430	106.872947	10.000000	15.294967
200.913253	106.046265	10.000000	15.965730
200.984144	105.877292	10.000000	16.360511
201.359551	105.293224	10.000000	16.678994
201.015180	106.031960	10.000000	16.708381
200.967681	106.328596	10.000000	16.682955
201.641502	106.028051	10.000000	16.800785
200.832267	105.824983	10.000000	17.051896
201.197548	106.083304	10.000000	16.974693
201.858561	105.212770	10.000000	16.945155
201.712072	105.200576	10.000000	17.028897
201.888794	105.080930	10.000000	17.142156
202.146074	104.899674	10.000000	17.270275
201.882791	105.433436	10.000000	17.232645
202.423182	105.345490	10.000000	17.275337
202.495806	105.801918	10.000000	17.314365
202.444738	105.206739	10.000000	17.364025
202.731168	105.820328	10.000000	17.353277
203.376016	105.278975	10.000000	17.385934
203.320389	105.996706	10.000000	17.301856
203.807865	105.478841	10.000000	17.308769
204.431524	104.520172	10.000000	17.531231
204.671940	104.923399	10.000000	17.455721
205.307262	104.922710	10.000000	17.603536
205.314739	104.756837	10.000000	17.816695
206.256135	104.301854	10.000000	17.865257
206.121489	105.016298	10.000000	17.779154
206.273180	104.777017	10.000000	17.742770
205.709642	104.648669	10.000000	17.939580
205.191045	104.674151	10.000000	17.787588
206.389634	104.505454	10.000000	17.701844
206.279674	104.627407	10.000000	17.778130
206.857331	104.330193	10.000000	17.724498
207.325910	104.238556	10.000000	17.770389
207.592583	104.124100	10.000000	17.794693
207.032757	104.407928	10.000000	17.903481
208.378403	104.651157	10.000000	18.036221
208.964196	103.998241	10.000000	17.985939
208.820713	104.641947	10.000000	17.832274
208.732035	103.082433	10.000000	18.267165
207.333333	104.323167	10.000000	18.248362
208.638520	104.871447	10.000000	18.147001
207.975159	104.591236	10.000000	17.865337
208.757870	104.138520	10.000000	17.718757
209.955345	104.914081	10.000000	17.791554
209.942294	104.216245	10.000000	17.754424
210.754116	104.248331	10.000000	17.654302
211.202962	104.066168	10.000000	17.727144
211.222694	104.844607	10.000000	17.679391
211.708169	104.560544	10.000000	17.800254
212.017738	104.580858	10.000000	17.989916
212.796030	102.770098	10.049589	18.599125
213.214354	102.497127	10.024795	18.845145
213.364005	103.496839	10.012397	18.671795
213.252611	104.299831	10.027924	18.375197
213.338871	103.730885	10.013962	18.377572
213.305314	104.064776	10.016952	18.370308
213.226733	103.197030	10.008476	18.443696
212.621973	104.054277	10.004238	18.176468
212.429759	104.078434	10.002119	18.236654
213.198646	103.466756	10.001060	18.647878
212.233357	103.612081	10.051035	18.821900
212.679932	103.313846	10.025517	18.920679
212.310378	102.957660	10.012759	19.048705
212.344871	103.673363	10.096506	19.192419
212.360903	103.293166	10.054256	19.239531
211.985024	102.724990	10.027128	19.373054
211.217382	103.453447	10.074235	19.509568
210.779322	102.450470	10.037117	19.702402
210.586101	102.865638	10.134994	19.610107
210.281135	103.485928	10.137099	19.481947
210.041626	102.246280	10.068550	19.886973
209.284979	102.672165	10.377135	19.935666
209.593776	102.873767	10.603753	19.979258
209.331900	103.337638	10.819857	19.883788
206.301268	103.115828	10.711466	19.654239
203.931671	103.981732	10.724118	19.301699
204.177203	103.699391	10.581777	19.077760
205.581556	103.892303	10.290888	19.025431
204.443604	103.234326	10.145444	19.134759
204.019857	102.965219	10.072722	19.327504
202.878364	102.606620	10.036361	19.760443
202.555074	101.910923	10.018181	20.382128
201.113077	102.194076	10.009090	20.531206
201.587140	103.603613	10.004545	19.998962
200.982690	103.945948	10.002273	19.373055
200.062289	104.003493	10.001136	18.750770
199.299258	104.004276	10.000568	18.678835
198.805347	104.787435	10.000284	18.299988
199.044530	104.698422	10.000142	18.191198
199.157923	104.702656	10.000071	17.985082
198.581512	104.272583	10.000036	18.073896
197.210068	104.586341	10.000018	18.340606
197.305718	104.566165	10.000009	18.449409
196.997195	104.137075	10.000004	18.731377
197.348737	104.204631	10.000002	18.706755
196.629232	104.470779	10.000001	18.558592
196.661138	104.604133	10.000001	18.519347
196.502053	104.634516	10.000000	18.545513
196.140399	104.507654	10.000000	18.576935
195.902005	104.400284	10.000000	18.608415
196.109644	103.288188	10.000000	19.181392
195.953030	102.654194	10.000000	19.507173
195.978679	102.712508	10.000000	19.802184
196.112857	102.944289	10.000000	19.940608
195.619661	103.113753	10.000000	20.053375
195.526026	103.023298	10.000000	19.910282
195.759693	103.248832	10.000000	19.941710
196.248799	102.963335	10.000000	19.635891
196.304190	103.251731	10.000000	19.680347
196.277582	102.676990	10.000000	19.618838
196.162612	103.209267	10.000000	19.601674
196.151415	103.180942	10.000000	19.306021
196.517820	103.397221	10.000000	19.206529
195.626195	103.687955	10.242027	19.119877
196.401019	104.014845	10.479826	18.706436
196.623944	103.405058	10.717401	18.793121
196.184282	103.633286	11.240318	18.773343
196.935486	103.584243	11.382627	18.623728
196.331477	104.323612	11.107074	18.680941
197.061000	104.073111	10.631110	18.628474
196.610078	103.353119	10.315555	18.894395
197.061524	103.730983	10.157777	19.049964
196.829522	103.972341	10.078889	18.991352
196.367736	103.982571	10.039444	19.083905
196.531220	102.784569	10.019722	19.257021
195.920515	103.089248	10.009861	19.606204
196.478232	103.472937	10.004931	19.557121
196.140763	102.636311	10.002465	19.614595
195.641501	102.759586	10.001233	19.659652
195.867772	102.690507	10.000616	19.725422
196.117342	102.703533	10.000308	19.757307
195.335604	102.741788	10.000154	19.882012
195.324798	102.644069	10.000077	20.050490
195.806962	102.372905	10.000039	19.963808
195.940159	102.458666	10.000019	19.890930
196.351775	102.791836	10.000010	19.760923
195.984094	102.950728	10.000005	19.738948
196.484273	103.206755	10.000002	19.585548
196.239717	103.432743	10.000001	19.626165
196.175105	103.034873	10.000001	19.457503
196.263973	103.043731	10.000000	19.615012
196.328263	103.405094	10.000000	19.583521
196.425349	103.288477	10.000000	19.243878
197.272637	103.648798	10.000000	19.027302
197.412929	103.256256	10.000000	19.155489
197.904734	102.535005	10.116288	19.306714
198.567669	101.914759	10.058144	19.527229
198.494648	101.952515	10.029072	19.719034
199.120700	101.643340	10.014536	19.946002
198.868853	101.512476	10.007268	20.063176
199.756016	100.302343	10.003634	20.500077
200.350121	100.098116	10.001817	20.854611
201.095133	100.372709	10.000908	21.076965
201.219766	101.349953	10.000454	20.949770
201.422153	101.218928	10.032385	20.879325
201.607134	100.899601	10.097522	20.939931
202.237064	100.300506	10.052531	21.161429
202.647068	100.280125	10.026265	21.267942
201.848874	100.401335	10.013133	21.288883
201.813977	100.415552	10.006566	21.378769
201.833771	100.523230	10.003283	21.402851
201.645528	100.433563	10.001642	21.451525
201.163840	100.358001	10.053692	21.515059
201.725742	100.511776	10.026846	21.557931
201.117936	100.603430	10.013423	21.514629
201.645162	100.905073	10.006711	21.405136
200.767097	100.022393	10.003356	21.475118
201.167544	100.171417	10.001678	21.546313
201.415956	100.558586	10.000839	21.460600
201.422624	100.893259	10.000419	21.473351
201.214119	100.338087	10.000210	21.430843
200.991507	100.819010	10.000105	21.309650
200.674434	101.270144	10.000052	21.252280
200.250010	100.744035	10.000026	21.318123
201.116251	100.988075	10.000013	21.468622
200.790117	100.618419	10.000007	21.411674
200.582388	100.973225	10.000003	21.485754
200.220122	100.651279	10.000002	21.392031
200.841664	100.831747	10.000001	21.493298
200.301172	100.202560	10.000000	21.557554
200.902809	100.579945	10.000000	21.615460
200.383843	101.131249	10.000000	21.555345
200.609826	100.518626	10.000000	21.674094
199.953999	100.924569	10.000000	21.698831
200.161786	100.495923	10.000000	21.770749
200.565017	100.991027	10.000000	21.832649
200.459438	101.093390	10.000000	21.777282
200.760294	100.685305	10.000000	21.795868
200.134976	100.278806	10.000000	21.781590
200.823077	100.486812	10.000000	21.896719
200.816286	100.228132	10.000000	21.917450
200.930315	99.900415	10.000000	21.990269
201.408979	100.885657	10.000000	21.891078
200.407139	100.872634	10.000000	21.866576
200.771962	100.731579	10.000000	21.919558
201.195909	100.858890	10.000000	21.867262
200.585811	100.940026	10.000000	21.833119
201.057680	100.872944	10.000000	21.858144
200.153504	100.822178	10.000000	21.905081
200.439712	100.984022	10.000000	21.814869
200.613797	100.628471	10.000000	21.914541
201.136757	100.151251	10.000000	22.064827
200.945495	99.971959	10.000000	22.061387
201.505509	99.587978	10.000000	22.097781
201.697968	100.197558	10.000000	22.138545
201.700747	99.957481	10.000000	22.143832
201.807045	99.532411	10.000000	22.295365
202.384369	100.161022	10.000000	22.323782
201.890931	99.847152	10.000000	22.346919
202.396371	99.426619	10.000000	22.389579
202.372666	100.004194	10.000000	22.370518
201.960093	99.657304	10.000000	22.410023
202.269605	100.019240	10.000000	22.535423
202.482578	100.444136	10.000000	22.312221
202.097386	100.129592	10.000000	22.329989
201.858469	99.847926	10.000000	22.304168
202.809698	99.657067	10.000000	22.154352
202.907023	100.217170	10.000000	22.167945
202.765645	100.051044	10.000000	22.092753
202.620807	99.691559	10.000000	22.133772
202.839079	100.158075	10.000000	22.248974
203.024603	99.877047	10.000000	22.208035
202.505790	100.636241	10.000000	22.149985
202.812837	100.261272	10.012274	22.273005
203.422259	99.882555	10.029110	22.435559
203.874475	100.265491	10.014555	22.392462
203.632363	100.833153	10.007278	22.294783
203.575650	100.730062	10.003639	22.285275
203.548273	100.559817	10.001819	22.323246
203.154905	100.254268	10.000910	22.378794
203.437357	100.048051	10.000455	22.346067
203.342734	99.651751	10.000227	22.437790
204.919132	99.742288	10.000114	22.511620
204.728685	100.311648	10.000057	22.336578
204.635937	100.334597	10.000028	22.204586
204.758096	100.173044	10.000014	22.206314
204.467081	100.040911	10.000007	22.159023
204.239430	99.788302	10.000004	22.185859
204.748801	100.508913	10.000002	22.201321
204.719514	100.275235	10.000001	22.201165
204.988538	99.947341	10.000000	22.227503
205.159492	99.645995	10.000000	22.287051
205.197259	100.644250	10.000000	22.173497
205.002902	100.680745	10.000000	22.058362
204.722678	100.809370	10.000000	21.969497
204.790526	100.533550	10.000000	22.056169
204.664381	100.245034	10.000000	22.111463
204.574934	100.051782	10.000000	22.119008
204.298254	99.764379	10.000000	22.157170
204.281607	100.590669	10.000000	22.108983
204.592864	100.520245	10.000000	22.052537
204.842134	100.481196	10.000000	21.958046
205.145110	100.312439	10.000000	21.970350
205.026561	100.198723	10.000000	22.018190
204.906793	100.250349	10.000000	21.969254
205.174196	100.064916	10.000000	22.009721
205.088393	99.918709	10.000000	22.086874
204.949528	100.874168	10.000000	22.015410
205.186076	100.831346	10.000000	21.964657
205.118739	100.777951	10.000000	21.931867
205.002917	100.855470	10.000000	21.866948
204.963217	100.749926	10.000000	21.899345
205.278282	100.481088	10.000000	21.978142
205.252640	100.475476	10.000000	21.963144
205.226880	100.367544	10.000000	22.011647
205.206973	100.325159	10.000000	21.977005
205.071530	100.159008	10.000000	22.007197
204.929858	100.175375	10.000000	21.952061
205.200244	99.945477	10.000000	21.979875
205.161612	100.876708	10.000000	21.977030
205.000886	100.757318	10.000000	21.997288
204.897608	100.699871	10.000000	21.986776
205.283451	100.689245	10.000000	21.914925
205.213628	100.627870	10.000000	21.949479
205.118599	100.403199	10.000000	22.060247
204.969375	100.411151	10.000000	21.995177
205.276762	100.285597	10.000000	21.969325
205.241139	100.186358	10.000000	22.005512
205.046359	100.154291	10.000000	21.999378
204.865062	100.187731	10.000000	21.977665
204.990497	100.113616	10.000000	21.961673
205.124219	99.891790	10.000000	22.042912
205.059082	100.932540	10.000000	21.916675
204.982593	100.779722	10.000000	21.987725
205.277314	100.597036	10.000000	21.997578
205.155692	100.596877	10.000000	21.983779
205.032980	100.521202	10.000000	22.037684
204.954023	100.431934	10.000000	22.046252
205.203868	100.310402	10.000000	22.008158
205.119582	100.277027	10.000000	21.975611
204.956559	100.272887	10.000000	21.943614
205.303181	100.212719	10.000000	21.895338
205.319934	100.106231	10.000000	21.927466
205.213495	99.985507	10.000000	21.959163
204.987224	100.955511	10.000000	21.882354
205.280267	100.748919	10.000000	21.948688
205.225940	100.666619	10.000000	21.971284
205.133077	100.584310	10.000000	21.990929
204.992141	100.496749	10.000000	22.004409
205.232949	100.430646	10.000000	21.992539
205.492123	100.481353	10.000000	21.958034
205.684294	100.452307	10.000000	21.973304
205.957214	100.411232	10.000000	21.984201
206.267000	100.284382	10.000000	22.037958
205.790505	100.225081	10.000000	22.072586
206.098205	100.300900	10.000000	22.012308
205.684660	100.218282	10.000000	22.058892
206.013054	100.165049	10.000000	22.074256
205.584659	100.149291	10.000000	22.079657
205.951172	100.010207	10.000000	22.113162
206.232987	100.058518	10.000000	22.028295
205.825969	100.024266	10.000000	22.039014
206.206430	100.099988	10.000000	21.992933
205.850554	100.041480	10.000000	21.984534
206.155073	100.019355	10.000000	21.974516
205.753674	99.873912	10.000000	22.042335
206.126211	100.771258	10.000000	22.094566
205.697297	100.724782	10.000000	22.104798
205.941242	100.881856	10.000000	22.007589
206.311267	101.008451	10.000000	21.950562
205.982622	100.956216	10.000000	22.025522
206.352909	101.073487	10.000000	21.992403
205.959718	100.051088	10.000000	22.020183
206.236174	100.020048	10.000000	22.037537
205.777918	99.910979	10.000000	22.068664
206.124726	100.946622	10.000000	22.019623
205.739743	100.955633	10.000000	22.025192
205.983085	100.907711	10.000000	22.070219
206.317613	101.027378	10.000000	22.009398
205.858655	100.032003	10.000000	22.060806
206.124683	100.096269	10.000000	22.025704
205.750384	99.984640	10.000000	22.068612
206.095066	99.952273	10.000000	22.065246
205.676242	100.972156	10.000000	21.987479
206.015055	100.817488	10.000000	22.060630
205.618454	100.746234	10.000000	22.073863
205.967389	100.704405	10.000000	22.076976
206.246970	100.679097	10.000000	22.085351
205.851303	100.676235	10.000000	22.066870
206.162442	100.648755	10.000000	22.069318
205.799503	100.573981	10.000000	22.115608
206.108963	100.603933	10.000000	22.062634
205.782177	100.560683	10.000000	22.083625
206.217810	100.529486	10.000000	22.082088
205.789601	100.503449	10.000000	22.071638
206.198288	100.583816	10.000000	22.044536
205.869578	100.482373	10.000000	22.092126
206.316923	100.371013	10.000000	22.123435
206.068019	100.304267	10.000000	22.100665
205.799751	100.270787	10.000000	22.097265
206.054064	100.377592	10.000000	22.011272
205.647651	100.205051	10.000000	22.108577
206.043868	100.204585	10.000000	22.073547
205.658676	100.156060	10.000000	22.094820
206.003532	100.168473	10.000000	22.087937
205.642178	100.104860	10.000000	22.090329
205.982002	100.041309	10.000000	22.078585
206.368418	99.884396	10.000000	22.122163
205.945556	100.691432	10.000000	22.119143
206.368333	100.514676	10.000000	22.152002
206.226297	100.439012	10.000000	22.111981
206.011310	100.283397	10.000000	22.148146
205.854435	100.267736	10.000000	22.113941
206.340002	100.182166	10.000000	22.130920
206.190480	100.154970	10.000000	22.095990
206.061655	100.097150	10.000000	22.064336
205.876058	99.924345	10.000000	22.128994
206.655563	100.906799	10.000000	22.061910
206.449591	100.701229	10.000000	22.110575
206.260115	100.668106	10.000000	22.083849
205.952351	100.616652	10.000000	22.063942
206.493298	100.482291	10.000000	22.081431
206.332512	100.358545	10.000000	22.078339
206.173315	100.226634	10.000000	22.048187
205.993553	100.172982	10.000000	21.980138
206.663895	99.997986	10.000000	22.011854
206.713387	99.869279	10.000000	22.012517
206.818854	100.927850	10.000000	21.882195
206.927602	100.811261	10.000000	21.898389
207.100866	100.667062	10.000000	21.907422
206.454774	100.468367	10.000000	21.998336
206.959794	100.463011	10.000000	21.921173
207.528245	100.256592	10.000000	22.013864
207.119488	100.091876	10.000000	22.011676
206.794470	99.809447	10.000000	22.104740
207.866442	100.751396	10.000000	22.025926
207.624205	100.272510	10.000000	22.220652
207.621760	99.872957	10.000000	22.278386
207.665305	99.524071	10.000000	22.308180
208.107310	100.446792	10.000000	22.181453
207.416870	100.253416	10.000000	22.185405
208.400680	99.980256	10.000000	22.222386
208.330314	99.803865	10.000000	22.205578
209.296745	100.973508	10.000000	22.018491
208.814531	100.944746	10.000000	22.007160
210.016146	101.013579	10.000000	21.961338
209.834032	101.287831	10.000000	21.806615
210.102017	100.764703	10.000000	21.885869
210.120812	100.774304	10.000000	21.914472
210.609893	100.483614	10.000000	22.035717
211.066880	100.399035	10.000000	22.059223
210.972985	100.287706	10.000000	22.056062
211.803793	99.964705	10.000000	22.109287
211.853774	99.693445	10.000000	22.213009
212.336561	100.384089	10.000000	22.228039
211.914090	100.116354	10.000000	22.194530
212.429678	99.887027	10.000000	22.198756
212.216280	100.690980	10.000000	22.120404
212.094001	100.506076	10.000000	22.072299
212.201909	100.183104	10.000000	22.069080
212.420625	99.886380	10.000000	22.025460
212.875172	100.397134	10.000000	22.058442
213.151358	100.200127	10.000000	21.962877
212.333070	99.723387	10.118517	22.066993
213.272052	100.009832	10.089127	22.248650
213.417202	99.841668	10.155882	22.331849
213.992569	99.829346	10.226444	22.371618
213.697352	100.006548	10.140003	22.307278
213.279609	100.193968	10.189957	22.234577
214.560601	100.315801	10.094978	22.163766
214.339983	100.171779	10.047489	21.990962
213.833965	99.624252	10.126266	22.035990
215.400637	100.286124	10.063133	21.951694
214.958972	99.907943	10.031566	21.886721
215.321074	99.982136	10.015783	22.105520
214.961018	99.315155	10.021348	22.182127
215.461376	99.021053	10.010674	22.484534
216.817023	100.007310	10.005337	22.297039
216.317988	99.152824	10.033670	22.450457
216.588478	99.963668	10.128009	22.482284
217.389198	100.283292	10.064004	22.340012
217.982740	100.273346	10.032002	22.379584
216.729767	99.754200	10.016001	22.608427
217.063016	99.375108	10.008001	22.713662
217.977729	98.824030	10.004000	22.909511
217.665894	99.945027	10.002000	22.637445
217.742878	99.827749	10.001000	22.593700
217.743746	99.443078	10.000500	22.675202
218.289767	98.843293	10.006427	22.843210
218.389224	100.103124	10.020309	22.459817
218.296438	99.296558	10.010155	22.759447
218.013109	99.329014	10.005077	22.542547
217.333722	99.037436	10.002539	22.510654
217.922282	100.679863	10.001269	22.104913
217.814096	100.203590	10.000635	22.057212
217.696031	100.052855	10.000317	21.825935
217.774088	101.042867	10.000159	21.529168
217.019987	99.468677	10.000079	21.862215
217.432104	99.474991	10.000040	22.026957
217.167578	100.228178	10.000020	21.759548
217.396025	100.868509	10.284356	21.317181
217.457421	100.996123	10.386476	21.020980
217.581561	100.886024	10.447327	20.932200
217.646252	100.837978	10.469851	20.818079
217.239386	101.020926	10.439503	20.905170
217.104254	100.989285	10.459240	20.798879
217.244309	101.163615	10.439001	20.825541
217.546113	100.740131	10.506494	20.664252
217.129320	100.777157	10.512299	20.917319
216.966860	100.664616	10.572644	20.837457
216.598007	100.580536	10.629378	20.699667
216.894423	101.373942	10.587029	20.780723
216.297110	101.318744	10.660191	20.748557
216.393942	101.473732	10.640282	20.636412
216.271231	101.713808	10.752545	20.549648
216.184064	101.700292	10.741544	20.642918
216.191960	100.989768	10.797785	20.444232
215.970256	101.035306	10.629306	20.572754
215.457685	100.826318	10.558565	20.820938
216.142850	100.798230	10.399489	20.802705
216.133781	100.997776	10.547210	20.943441
215.317835	101.196269	10.662538	20.721068
215.600977	101.262078	10.899777	20.675432
215.243147	100.519109	11.120831	20.922566
215.490876	101.304362	11.310656	21.085548
214.951068	100.663058	11.576854	21.144939
214.996200	100.695295	11.570526	21.151933
214.727129	100.887780	11.681549	21.099538
214.467164	101.137754	11.687330	21.018491
214.417265	101.079776	11.770863	21.104449
214.397151	100.851356	11.794948	21.247320
214.728329	101.416802	11.845046	21.196935
214.182891	100.853155	11.878387	21.150349
214.676544	101.291992	11.804328	21.163855
213.961498	100.966061	12.032821	20.892611
214.781354	101.301054	11.877607	20.990154
214.499286	101.380754	11.900554	20.943100
214.404502	101.428264	12.162472	20.884799
215.273640	100.822247	12.190619	20.922536
214.974675	100.601117	12.115805	21.279919
214.071574	100.300034	11.691090	21.313020
215.117986	101.152527	11.397840	21.208574
214.507087	100.520652	11.518387	21.096927
215.237233	100.885469	11.555380	21.116246
214.160628	100.688404	11.614346	21.151961
215.507060	100.654970	11.521751	21.112755
214.455656	100.590980	11.195008	21.082888
214.140400	100.708447	11.094375	20.941846
215.185084	100.672053	11.034485	20.884075
214.634173	100.348807	11.026127	20.952389
214.539552	100.358090	11.168283	21.152513
214.519358	100.475622	11.193375	21.256580
214.860412	100.357181	11.233611	21.210937
215.312990	100.134545	11.171209	21.278684
215.020419	99.881408	11.150909	21.317015
214.680377	99.691870	11.110233	21.222656
214.607052	99.765601	11.073744	21.280155
214.589192	99.933512	11.097159	21.204689
214.526857	100.224397	11.217836	21.098401
214.502654	100.372525	11.177375	21.189947
214.747026	100.117070	11.140748	21.171602
214.706735	100.082460	11.059042	21.313203
214.588909	100.118527	10.974784	21.364541
214.342905	100.171000	10.870778	21.353473
214.754085	100.234453	10.900199	21.274681
214.552729	100.314826	11.068966	21.182738
214.517807	100.301099	11.210887	21.240632
214.788684	100.134705	11.288876	21.141465
215.066389	100.010783	11.456788	21.018638
214.869567	99.613771	11.505939	21.083882
214.617812	99.925490	11.469028	21.284210
214.620297	100.041587	11.491702	21.242316
214.659065	100.143569	11.499194	21.238788
214.700034	100.208680	11.468373	21.227425
214.769170	100.268020	11.534570	21.217886
214.861342	100.362614	11.458077	21.208326
214.491054	99.872706	11.394039	21.335331
214.511162	99.892211	11.216936	21.376834
214.776306	99.627598	11.172572	21.354745
215.138795	100.126915	11.129404	21.431131
214.691140	99.679181	11.103288	21.461438
214.959102	100.432870	11.096492	21.381681
214.555737	99.891655	11.202070	21.497358
214.896596	99.575633	11.308218	21.454196
214.655345	99.804174	11.416618	21.671444
214.787727	100.039927	11.584701	21.472488
214.964779	100.118740	11.636267	21.395067
215.135999	100.107185	11.671644	21.434783
214.943115	99.837789	11.770858	21.358208
214.805410	99.519951	11.813226	21.336382
214.731690	99.847155	11.757552	21.475707
214.514855	99.606924	11.853728	21.365436
215.195868	100.220719	11.736824	21.433737
214.964380	100.012255	11.820386	21.327686
214.759795	99.742861	11.895523	21.239731
214.815325	100.121695	11.789838	21.432934
214.653042	99.862076	11.771380	21.336576
214.534224	99.486083	11.744420	21.311133
215.186839	99.939209	11.621250	21.433279
215.293837	100.037482	11.611748	21.348167
215.021127	100.544768	11.959859	20.760051
214.856113	100.733567	12.125679	20.438623
215.493662	100.708961	12.175202	20.404364
215.522767	100.736770	12.167421	20.273756
215.510485	100.693676	12.107045	20.249994
215.469967	100.786362	12.124987	20.108511
215.399211	100.835873	12.137378	20.063311
215.397919	100.826421	12.188605	20.011411
215.353791	100.807809	12.267451	19.990494
215.276870	100.833652	12.288715	19.949190
215.224024	100.778890	12.321915	19.988523
215.251454	100.855960	12.419722	19.914221
215.307850	100.686913	12.454542	20.028615
215.319071	100.709159	12.504830	20.000746
214.898246	100.242569	12.591209	20.151076
215.429050	100.560980	12.631744	20.364693
215.570092	100.568995	12.834097	20.355315
215.948313	100.616111	12.879319	20.292189
215.408652	100.497251	12.994457	20.464260
215.386093	99.995327	13.140834	20.562319
215.807834	100.022342	13.312008	20.493884
215.652361	99.784115	13.485798	20.722848
216.008799	100.143445	13.547032	20.772572
215.448783	99.480736	13.883797	20.897375
215.846161	99.848657	13.995104	20.849686
215.537629	100.189023	14.126074	20.971177
215.226984	99.563338	14.273034	21.027519
215.353011	99.354712	14.519306	21.099590
215.211858	99.334724	14.720228	21.263015
215.760905	99.722255	14.797825	21.472640
215.468058	99.600890	14.854763	21.433784
215.910157	99.370000	15.451590	21.440819
215.855687	99.050088	15.414560	21.529264
215.825359	99.399366	15.436214	21.573678
215.804673	99.000271	15.813548	21.575643
215.874465	98.987486	16.348713	21.777454
215.968610	98.772410	16.701722	21.793655
215.999475	98.950377	17.396967	21.832607
215.069874	98.406028	17.559283	22.259532
215.881814	98.988204	18.066060	22.262183
215.226333	99.105152	18.688720	22.297919
214.612197	99.131762	18.771805	22.428668
215.517601	98.502848	18.632338	22.573288
214.544125	98.470803	18.506251	22.602849
214.737259	98.618595	18.595443	22.707404
214.517366	99.623732	18.835252	22.675838
215.192946	99.151671	18.682068	22.754650
214.834899	98.855355	17.933311	22.662721
215.233718	98.791978	17.308636	22.539815
215.500135	98.710924	16.122369	22.304768
214.843802	99.820390	17.132191	21.551023
215.218701	99.342389	17.844683	20.777756
215.266417	99.391024	18.065750	20.887058
215.008864	99.745362	18.030964	20.952837
214.897284	99.291489	17.434776	21.057512
214.913558	99.159691	17.606487	21.175569
215.103368	99.123332	17.955946	21.441581
215.185304	98.839219	17.809121	21.567869
215.273540	98.602239	17.686092	21.682179
215.055563	99.678434	18.408856	21.534836
215.194020	99.737199	18.487894	21.453450
215.262550	99.829232	18.585433	21.336290
214.615605	100.073770	18.246329	21.064961
214.987037	99.152259	17.996627	21.315020
214.965103	99.141287	18.337222	21.335591
214.673819	99.554206	18.696827	21.241252
215.046111	99.135671	18.550476	21.477852
215.173650	99.210170	18.500483	21.412212
215.023398	99.480802	19.089409	21.224332
215.226755	98.780005	18.376588	21.488921
214.570794	99.622753	18.898263	21.113374
214.484540	99.885880	19.013998	20.918573
214.786300	99.574395	18.794796	21.170537
214.800807	99.613393	18.847034	21.031476
214.998196	99.318854	18.648149	21.270095
215.038955	99.052693	18.501888	21.431944
215.108513	98.893438	18.479991	21.489178
215.168155	98.162531	18.271347	21.834690
214.971938	99.361834	18.738525	21.378906
215.115205	99.231197	18.524347	21.373767
215.207549	99.236868	18.632984	21.362625
214.595832	99.306397	18.169113	21.359384
214.573378	100.017443	18.735844	21.108684
215.224396	99.341350	18.703868	21.210803
214.854499	98.795938	18.060729	21.659756
214.814887	99.517151	18.738918	21.357653
214.935947	99.334988	18.587825	21.410997
215.040142	99.337710	18.288351	21.453716
214.779537	98.794454	17.812659	21.493977
214.497219	98.988611	18.098372	21.294621
214.455701	98.988014	18.242238	21.271307
214.530951	99.413700	18.662842	21.199129
215.071101	98.856784	18.316788	21.284209
214.434031	99.537261	18.165730	21.068316
214.404252	99.527436	18.043997	21.133786
214.712294	99.938336	18.645557	20.675722
214.961335	99.417001	18.157824	21.061578
214.777772	99.421809	18.080839	20.966945
214.937664	99.884800	18.467769	20.986440
214.965104	99.683759	18.286069	21.090218
215.555024	99.069423	17.968511	22.132658
215.323366	99.075504	17.809682	22.576445
215.493197	99.489015	17.815403	22.751878
215.340738	99.782697	17.856145	22.619343
215.492341	99.940222	18.024683	22.430393
215.636399	99.490594	18.035085	22.331082
215.600410	99.318745	18.137641	22.335432
215.692844	99.443577	17.924705	22.408552
215.515477	99.401168	17.775640	22.307410
215.705591	99.533135	18.052121	22.123929
215.454025	99.429458	18.085670	22.109637
215.725213	99.452206	18.083231	22.569776
215.898507	99.678214	17.771719	22.495967
215.701686	99.439182	17.539516	22.459017
215.734770	99.464683	17.321851	22.497381
215.523276	99.560104	17.366280	22.519766
215.557603	99.578972	17.225560	22.600695
215.366260	99.640638	17.469024	22.607037
215.313795	99.804651	17.435387	22.566990
214.991821	99.469375	17.934123	22.212237
215.331952	99.387426	18.211759	22.069851
215.782780	99.566087	18.051860	22.368768
215.452507	99.874981	18.148955	21.935117
215.286051	99.739466	18.075215	21.936146
215.533186	100.064122	18.706460	21.612195
215.879396	99.797179	18.467657	21.959533
215.248097	99.955508	18.996855	21.922293
215.528284	99.638475	18.938420	21.973057
215.759937	99.406381	19.165752	21.967838
215.238772	100.075176	19.972005	21.634577
215.425891	100.221189	20.296447	21.420022
214.627984	100.698642	20.779092	21.100192
215.168294	99.804600	20.324465	21.366117
215.913039	100.023399	20.016910	21.797278
215.790569	99.589072	19.458442	21.915901
215.784971	99.511956	19.113824	22.004141
216.021456	99.258201	18.913396	21.931250
215.835053	99.450337	18.911154	22.081949
215.598501	99.906834	18.971894	22.130918
215.654683	99.658267	18.741972	22.059859
215.562021	99.550316	18.412461	21.810182
215.072087	100.033778	18.833910	21.883964
215.198461	100.315921	18.630616	21.732974
215.241936	99.892048	18.284945	21.396554
215.375376	99.752990	17.962212	21.662532
215.254529	99.651365	17.878119	21.789757
215.143239	99.687357	17.747171	21.798317
215.312754	99.563481	17.615295	21.674691
215.462211	99.419165	17.373675	22.107051
215.134886	99.909807	17.382519	22.079540
214.529206	100.517847	17.712759	21.436085
214.241151	100.335271	17.895334	21.128739
214.175334	100.614619	17.823856	21.111186
214.051362	100.217854	17.738905	20.992845
214.747552	100.347508	17.649939	21.050241
214.267842	100.149600	17.252977	21.086413
214.694367	100.364463	17.249735	21.065829
214.377499	100.686465	16.865358	21.039348
214.208463	100.762131	16.644709	20.890298
214.260870	100.519676	16.398530	20.732134
214.681242	100.621955	16.320130	20.643046
214.198212	100.601497	15.966177	20.582442
213.956607	100.684745	15.650910	20.737426
214.090365	100.584263	15.498120	20.765764
213.972067	100.351443	15.396794	20.838431
213.838844	100.057612	15.197810	20.896865
214.168742	100.443650	15.130138	20.745805
214.632791	100.696898	15.050691	20.718723
214.075092	100.382281	14.979728	20.536830
213.893834	100.231297	14.903994	20.491220
214.693926	100.897584	14.738106	20.610318
214.085404	100.635241	14.715563	20.402301
214.062482	100.798320	14.734956	20.483489
214.169690	100.320554	14.823026	20.488713
214.295716	100.864462	14.743227	20.368279
214.265960	100.041499	14.846385	20.562350
214.041348	100.846518	14.777274	20.581039
214.767864	100.873141	14.630859	20.564438
214.086237	100.349760	14.756043	20.502457
214.246819	100.760845	14.810057	20.412977
214.483348	101.296495	14.818466	20.255768
214.744606	100.632003	14.788752	20.400996
214.176560	100.928529	14.662588	20.424023
214.294153	100.396012	14.939561	20.415387
214.189823	100.414202	15.075839	20.405498
214.179990	100.406040	15.111364	20.364103
214.194305	100.297067	15.113532	20.420590
214.200597	100.251920	15.189356	20.420338
214.245202	100.867302	15.264650	20.521692
214.727600	100.417132	15.354610	20.497710
214.409934	100.713297	15.349189	20.497589
214.167112	101.089083	15.312078	20.495434
214.531446	100.586063	15.513730	20.467867
214.243665	100.905685	15.547383	20.465685
214.071632	100.399458	15.698009	20.414318
214.065873	100.241506	16.000227	20.433087
213.999894	100.598029	15.917929	20.458091
214.242910	100.505321	15.855013	20.478461
214.422579	100.266101	15.857377	20.628997
214.210200	100.528663	15.766152	20.619853
214.683558	100.207201	15.381844	20.916710
214.886416	99.911033	15.138226	21.090441
215.012068	100.433434	14.929005	21.235356
214.726393	99.938034	14.874337	21.218301
214.305124	100.314126	14.897867	21.196240
214.716638	100.434394	14.989957	21.281104
214.754196	100.316670	15.200919	21.300622
214.813022	100.213729	15.337165	21.293219
214.675579	100.576267	15.282847	21.264231
214.851989	100.550546	15.232559	21.219899
214.952337	100.414480	15.227136	21.264401
214.176159	100.404497	15.231913	21.229973
214.281627	100.358581	15.198879	21.208414
214.487999	100.221654	15.146205	21.262719
214.579227	100.100955	15.133254	21.302012
214.763445	99.918158	15.058751	21.346969
214.914133	99.835714	15.046083	21.311112
214.961243	100.527141	14.959536	21.342356
214.916252	100.584573	15.006675	21.254411
214.992164	100.328003	14.987495	21.368166
215.135525	100.222562	14.975688	21.360539
214.369484	100.164869	15.000807	21.292958
214.411830	100.108364	15.005444	21.260077
214.416859	100.057270	15.072905	21.241549
214.399749	99.916285	14.947899	21.260769
214.847692	100.235161	14.852956	21.209692
214.499893	100.567049	14.679950	21.219971
214.648767	100.215815	14.898374	21.120659
214.390536	100.601822	14.813931	21.151785
214.762756	100.275529	14.981261	21.058602
214.458205	100.723730	14.865787	21.068184
214.864235	100.295649	14.942973	21.044662
214.562533	100.706437	14.825180	21.063607
214.915915	100.270823	14.992134	21.053085
214.681261	100.625186	14.852468	21.083907
214.330706	100.146699	14.859860	21.075937
214.592478	100.391617	14.963799	21.107374
214.290392	100.732679	14.806801	21.179025
214.614236	100.310200	14.858094	21.108346
214.271852	100.652681	14.630319	21.161374
214.299190	100.753036	14.532584	21.080927
214.227207	100.804714	14.461016	21.039457
214.662138	100.797360	14.714998	21.011731
214.654737	100.849541	14.558973	20.936792
214.543012	100.722463	14.456392	20.987126
214.697119	100.205465	14.455589	21.038361
214.481792	100.408300	14.417617	20.880764
214.624519	100.682167	14.314616	20.964907
214.650678	100.322125	14.402197	20.937100
214.718015	100.642080	14.393854	20.964261
215.208873	100.036624	14.308716	21.054317
214.993020	100.262985	14.115266	21.140193
214.646700	100.553425	14.081937	21.182211
215.000989	100.145732	14.376707	21.115340
214.669482	100.433736	14.316360	21.078850
215.177069	100.634991	14.182301	21.090081
214.889067	100.087119	14.106819	21.077830
215.131157	100.305636	14.090457	21.083953
214.600697	100.550752	14.085299	21.103345
214.949716	100.168228	14.139528	21.027224
214.482839	100.456318	14.082075	21.054903
214.495617	100.465001	14.046519	21.023725
214.577288	100.387440	13.965664	21.007951
214.592124	100.371960	14.015362	20.929323
214.678824	100.148162	13.968987	20.981330
214.715472	99.998381	13.948060	20.986694
214.628351	100.468373	13.888421	21.201090
214.691223	100.468848	13.937854	21.056155
214.699568	100.308275	14.056630	21.021683
214.763851	100.096229	14.087058	21.079600
215.187774	100.137433	14.260162	21.228185
214.950139	100.136999	14.197538	21.363179
214.578849	100.437036	14.196648	21.305760
215.076101	99.857137	14.454629	21.260430
215.353014	100.253701	14.415170	21.403154
214.727630	100.255778	14.414623	21.252289
214.923376	100.272891	14.597631	21.137595
215.182043	100.132027	14.824704	21.084623
215.209096	100.226477	14.693167	21.158317
214.644414	99.922235	14.726251	21.214860
214.580093	100.054578	14.597667	21.262661
214.942276	99.887081	14.659911	21.245871
214.915253	99.802371	14.512721	21.425143
215.146049	99.776912	14.490115	21.296118
215.281217	100.170491	14.297208	21.450647
215.367325	100.036101	14.319597	21.380199
214.697486	100.095117	14.385532	21.257489
214.862572	99.892268	14.425231	21.245151
215.219464	99.740242	14.610110	21.186205
214.743613	100.172127	14.454895	21.372328
214.914740	100.114883	14.569420	21.267866
215.163877	99.962093	14.598131	21.235247
215.481219	99.747813	14.573318	21.265883
214.948020	100.218788	14.378459	21.431017
215.090147	100.100695	14.470360	21.352519
215.252305	99.891794	14.534376	21.340420
214.651663	99.831519	14.460328	21.273639
214.924145	100.423576	14.298778	21.319541
215.134288	100.387302	14.392704	21.199534
215.357825	99.990449	14.419784	21.365354
214.848821	99.595253	14.345014	21.460096
215.109536	99.771506	14.369348	21.633919
215.337845	99.591374	14.435370	21.548417
214.815602	99.816102	14.357042	21.731271
215.413657	99.898189	14.418545	21.707309
215.400332	99.857427	14.265060	21.760430
214.822018	99.736414	14.310958	21.667271
215.044473	99.572003	14.340094	21.564042
215.249844	100.020809	14.311728	21.582110
215.360042	99.919085	14.287063	21.471675
214.620323	99.816053	14.204890	21.361817
215.094793	99.943004	14.156759	21.440115
214.793214	100.164420	14.113756	21.445495
215.121292	100.599940	14.226066	21.334461
214.945853	100.183084	14.068970	21.213963
215.405130	100.426475	14.116712	21.298518
215.044606	99.787436	14.102198	21.304153
214.790431	100.016030	13.949550	21.332643
215.205688	100.069328	13.943092	21.461084
215.007111	100.482182	13.932399	21.308294
215.248395	100.505979	14.072782	21.106740
215.146240	100.079547	14.089469	20.971934
215.409225	99.951918	14.078079	20.979175
215.765740	100.294481	14.086241	21.256230
215.620712	100.407743	14.167922	21.380158
215.480061	99.782823	14.273108	21.281048
215.480120	100.032126	14.408402	21.282142
215.233347	99.742691	14.479199	21.323633
215.961392	99.978629	14.668807	21.636328
215.547860	100.098631	14.572477	21.657147
215.743302	100.276933	14.708865	21.660962
215.615559	100.017657	14.845591	21.633281
215.696924	99.675115	15.045029	21.673264
215.684602	99.734009	15.050077	21.712804
215.584867	99.672239	15.354532	21.811658
216.068385	99.093396	15.591129	21.868581
216.303041	99.036835	15.717198	21.900060
216.038292	99.865152	16.012705	21.959935
216.267480	99.474530	16.253004	21.869825
216.762728	99.788404	16.249226	21.947201
216.750551	99.803565	16.498101	21.934188
216.971513	99.986152	16.725751	21.863627
216.790206	99.861408	16.927578	21.686755
216.827611	99.561366	16.739729	21.667510
216.531108	99.628828	16.748581	21.589443
217.288209	99.762510	17.087419	21.598637
216.834613	98.972709	17.248699	21.864790
217.029128	99.509814	16.821987	22.200839
216.960042	99.386794	16.561903	22.296054
216.901364	99.191754	16.359407	22.017076
217.051551	99.478112	16.470142	21.686151
217.424046	99.500777	16.679155	21.567927
218.011048	99.330810	16.630957	21.652007
217.933952	98.907507	16.524943	21.897232
217.477875	99.149729	16.856139	22.125080
218.249604	98.996962	16.604819	22.106586
217.766756	98.898181	16.558580	22.321166
218.262870	98.796648	16.245323	22.455410
218.781501	98.738970	16.196708	22.518814
218.666067	98.771686	16.399770	22.582553
218.769239	98.891644	16.316373	22.573816
218.921444	99.129116	16.286574	22.512113
218.914393	99.081017	16.142448	22.533098
219.044148	98.716695	15.620172	22.448960
218.643841	98.667537	15.237418	22.341361
218.978960	98.455716	15.146272	22.526326
218.625238	98.600024	14.884374	22.682792
218.808543	98.435192	14.666332	22.782690
218.955904	98.344417	14.301411	22.860209
218.662895	98.730784	13.972830	22.868057
218.769269	98.815755	13.572332	22.836316
218.708350	99.061023	13.143646	22.668139
219.164637	98.846625	12.811985	22.528056
219.556024	98.495871	12.514421	22.429523
219.428096	98.624992	12.349384	22.324183
219.788737	98.918997	12.266876	22.341934
220.128048	98.568141	12.612452	22.075743
220.916796	98.288821	12.994107	22.169147
219.917223	98.505148	13.015401	22.283619
219.885881	98.876895	13.676267	21.742991
220.634056	98.644656	13.653609	22.143962
220.445749	98.312452	13.423215	22.470189
221.123255	97.865735	12.992298	22.804796
220.360769	98.414701	12.785768	22.884545
221.260197	98.257556	12.612067	22.785884
222.194172	98.022924	12.260351	23.073296
221.885477	97.836609	12.231705	22.998942
221.164034	98.139408	12.396694	23.173700
222.411121	98.011374	12.039920	23.081824
222.151667	97.092691	12.417755	23.151211
222.868982	97.787029	12.221353	23.246996
223.223804	98.181579	12.547996	22.912565
221.390450	98.483412	13.445299	22.801895
222.078261	98.188454	13.461224	22.725401
221.147452	97.894258	13.995614	22.675202
221.941111	97.901153	13.830640	22.776339
221.706644	97.971047	14.221097	22.794622
223.452374	98.833821	13.576693	22.709993
221.945462	98.954865	14.249907	22.454035
221.922029	99.223820	14.311048	22.241346
222.444108	98.695616	13.757264	22.455833
223.530296	98.428549	13.394741	22.627525
223.508061	98.645969	12.975874	22.798723
223.316577	98.930372	12.982429	22.577442
223.195160	99.085343	13.174773	22.414060
223.397163	99.130666	13.272053	22.358075
223.582835	99.071187	13.295777	22.425481
223.603687	98.901570	13.560767	22.225187
223.997179	98.560213	13.644754	22.129532
224.145498	98.597981	13.931608	22.551176
223.640040	98.597020	13.817464	22.775521
224.587137	98.505435	13.524148	23.024700
224.507936	98.211924	13.647580	22.702831
225.047126	97.958829	13.521461	22.749497
225.861941	97.849860	13.210278	23.301841
225.420587	97.575397	13.677110	23.181212
225.863291	97.416451	13.422555	23.302049
226.714861	97.202053	13.133538	23.394556
227.680911	97.969853	13.215996	23.356127
225.821058	97.872320	13.909513	23.179985
228.715201	98.076655	14.036385	23.620173
230.325708	97.341162	14.282052	24.167839
230.339287	97.380748	14.137980	24.257819
230.649052	97.263875	14.269214	24.466295
230.806434	97.774576	13.983127	24.473664
230.305826	97.691540	13.555032	23.875146
231.408679	97.963299	12.439514	23.364881
231.506201	98.494731	12.530075	23.146376
232.017320	98.622973	12.672182	23.251190
233.181585	98.138921	13.306588	23.613209
234.546489	98.069669	13.701034	24.073746
233.832269	97.662064	13.488980	23.854879
234.952799	97.309130	13.299164	24.002418
234.603801	98.550329	13.359360	23.950756
237.443804	97.056927	12.745758	24.077112
236.394172	98.039671	12.360126	24.076836
236.445158	97.997951	12.347207	23.699214
235.926677	98.378567	12.311699	23.423852
237.744406	96.792433	11.617081	24.009132
238.265854	97.412296	11.194846	24.096990
238.318306	98.060201	11.051150	23.928754
237.703306	97.572970	11.149400	24.125541
239.594867	97.199589	10.574700	24.212740
239.175499	97.583242	10.442810	24.071065
239.305051	96.981494	10.332896	24.271556
240.255257	98.294130	10.166448	23.856873
240.266810	97.862829	10.083224	24.051102
240.457202	97.664226	10.041612	23.964720
240.849944	97.627377	10.020806	23.866208
240.913637	96.885033	10.010403	24.202779
240.873692	95.848313	10.005202	24.806219
241.034615	95.506914	10.002601	25.137306
240.922428	95.589674	10.001300	25.477673
240.737017	95.955236	10.000650	25.573857
240.639809	95.300054	10.000325	25.626557
241.030607	95.195035	10.000163	25.675641
240.699335	95.102998	10.000081	25.667168
241.677081	96.047246	10.000041	25.641580
241.558788	95.839999	10.000020	25.637645
241.290589	95.877081	10.000010	25.533546
241.460994	95.367128	10.000005	25.583507
241.979690	95.455607	10.000003	25.803767
241.976086	95.038904	10.000001	25.923172
242.080539	94.611592	10.000001	25.965738
241.520335	95.243141	10.000000	26.008967
241.816909	95.116951	10.000000	25.915354
242.155474	94.745162	10.000000	25.941505
241.751002	95.399227	10.000000	25.966788
242.273275	95.014202	10.000000	25.982199
241.709804	95.179665	10.000000	25.696832
242.436395	94.591188	10.000000	25.861889
242.390912	95.412631	10.000000	25.768634
242.271397	95.551131	10.000000	25.516678
242.959985	95.732206	10.000000	25.646588
242.964190	95.583259	10.000000	25.605215
242.896593	95.482549	10.000000	25.578210
242.320968	95.668779	10.000000	25.604279
242.457665	95.619673	10.000000	25.530483
243.055194	95.578763	10.000000	25.752820
242.024622	95.457966	10.000000	25.655497
242.025607	95.397198	10.000000	25.526556
242.983758	95.344722	10.000000	25.740111
243.342811	95.359841	10.000000	25.559675
243.155017	95.618527	10.000000	25.599733
243.433216	95.897996	10.000000	25.619260
243.010341	95.658521	10.000000	25.628079
242.843672	95.493627	10.000000	25.576523
243.033440	95.682728	10.000000	25.643835
243.013856	95.724390	10.000000	25.491192
243.307793	95.943787	10.000000	25.559835
243.599832	95.404654	10.000000	25.517985
242.725248	95.411963	10.000000	25.680408
243.784868	95.415658	10.000000	25.545338
243.052551	95.705124	10.000000	25.559163
243.423264	95.971273	10.000000	25.563801
243.791400	95.601747	10.000000	25.417923
243.228094	95.631529	10.000000	25.573696
243.805774	95.809296	10.000000	25.613592
243.871043	95.710555	10.000000	25.556415
243.248525	95.839805	10.000000	25.659514
242.793140	96.613375	10.026933	25.214328
242.626524	96.658051	10.118571	25.021284
242.515269	96.572809	10.160215	24.927086
242.435252	96.375963	10.189337	24.932720
242.340919	96.133977	10.185761	24.949502
243.256724	95.519331	10.212244	25.150486
242.945317	95.917324	10.129864	25.067187
243.135896	96.829893	10.064932	24.923294
243.250396	96.548592	10.043064	25.019293
243.281839	96.396000	10.021532	25.032454
243.284637	96.350843	10.016766	25.013889
243.227397	96.231938	10.008383	25.040463
243.253970	96.122083	10.004192	25.091103
243.134661	96.200689	10.002096	25.006790
242.992013	96.034804	10.001048	25.061431
242.701751	96.120854	10.000524	24.980894
242.409411	96.163059	10.000262	24.964670
243.120511	95.829171	10.052235	25.183003
242.922049	96.978196	10.026117	25.063772
242.720088	95.975132	10.013059	25.040136
242.422053	96.789234	10.006529	25.075529
242.855375	96.278061	10.003265	25.360804
242.414101	96.422121	10.001632	25.123810
242.810754	96.068522	10.000816	25.285712
242.238414	95.772991	10.000408	25.202071
242.807701	96.264475	10.000204	25.436852
242.487191	95.998245	10.081974	25.690474
242.936258	96.520314	10.444030	25.880254
242.736034	95.999151	10.969709	26.413685
242.656874	95.637377	11.160800	26.606503
242.944183	95.957517	11.447298	27.169801
242.594703	95.268442	11.216589	27.325135
242.944288	95.433698	11.374378	27.947575
242.731429	95.549899	11.254561	28.238971
242.180536	95.834279	10.893005	28.485287
241.825244	95.898738	10.791224	28.553176
242.035863	95.947122	10.660492	28.701508
241.783913	96.086937	10.761521	28.805205
241.710756	96.159200	10.619450	28.983121
241.748732	94.698203	10.580451	29.425933
240.599250	95.335087	10.839236	29.465036
241.105280	95.492502	10.843254	29.296539
240.716717	95.669912	10.950864	28.796043
240.617180	95.288145	10.933321	28.649712
239.951326	96.119766	10.811420	28.518621
241.023682	96.113235	10.405710	28.401789
241.037593	95.672783	10.202855	28.818884
242.107006	95.403054	10.101427	28.938153
241.339417	95.583003	10.050714	28.726943
241.241652	95.924142	10.025357	28.483147
240.003691	98.855101	11.061356	25.505958
240.150601	98.589094	11.344649	24.176716
239.917496	99.768397	11.781570	23.113086
241.109321	98.748036	11.569252	22.942911
240.585501	99.336874	11.793214	22.613285
240.876747	98.707437	11.652061	22.433019
241.196625	99.152347	11.543444	22.556456
241.585590	98.798179	11.416896	22.511210
241.099129	98.625095	11.424060	22.320459
241.563733	98.024966	11.097276	22.625018
242.272886	98.194964	10.576883	23.030838
242.124934	98.092976	10.310894	23.026975
241.965537	98.387181	10.412086	22.643586
241.213478	99.082084	10.519893	22.456316
241.303629	98.598230	10.534997	22.320179
241.461288	99.102406	10.517860	22.249597
241.479243	98.601150	10.574689	22.080222
241.953623	98.570263	10.396287	22.253443
241.388171	99.082899	10.288067	22.030018
241.158589	98.594310	10.238742	22.127292
242.054394	97.741130	10.119371	22.407034
242.064557	98.280737	10.059685	22.457089
241.785195	97.640420	10.029843	22.533521
241.385964	98.303152	10.014921	22.472026
241.652727	97.712267	10.007461	22.445068
241.416298	97.990465	10.003730	22.549354
241.990316	98.241955	10.001865	22.593908
241.516200	97.043243	10.000933	22.816488
241.463026	97.567590	10.000466	23.106191
241.594107	96.542728	10.000233	23.347117
241.981699	96.900000	10.000117	23.235931
242.305135	97.448140	10.000058	23.022100
242.242422	97.604387	10.000029	22.939442
242.203662	97.811174	10.000015	22.788239
242.024935	98.057012	10.000007	22.697586
241.886827	98.546847	10.000004	22.480292
241.329784	97.437161	10.000002	22.626844
241.774879	98.199618	10.000001	22.311775
241.590199	97.745285	10.000000	22.422987
241.262099	98.642133	10.000000	22.347932
240.900669	98.440128	10.000000	22.254267
241.455177	97.919297	10.000000	22.346719
240.917009	97.549130	10.000000	22.247808
241.156463	98.343516	10.000000	22.126213
240.412774	98.365188	10.000000	21.982741
240.547126	98.379018	10.000000	21.768940
240.252513	98.597922	10.000000	21.733165
240.479231	99.356159	10.000000	21.340937
240.572955	97.972688	10.000000	21.732384
239.586321	99.122227	10.000000	21.169535
239.613041	98.636511	10.000000	21.337750
239.351529	98.761733	10.000000	21.383929
239.650158	98.624125	10.000000	21.568935
238.993853	98.804199	10.000000	21.553724
238.973727	98.042125	10.144454	21.510447
238.451173	98.747522	10.072227	21.517662
238.869524	98.158340	10.220435	21.355211
238.830907	99.013637	10.236633	21.313921
238.716238	98.838371	10.312499	21.366907
238.565754	98.786664	10.493554	21.283067
238.475950	98.377227	10.548094	21.383860
237.870822	98.783521	10.616155	21.279419
238.249260	99.087314	10.647599	21.226962
237.746841	98.212956	10.757222	21.286386
238.290023	98.432443	10.743784	21.320714
237.857103	98.297054	10.677226	21.554480
238.702237	98.430465	10.597286	21.502444
238.346735	98.832243	10.592032	21.399753
237.771717	98.382741	10.726110	21.084897
238.215892	98.331232	10.741480	21.178685
237.582731	98.226857	10.827548	21.222257
237.393034	98.202856	10.983973	21.290477
238.316548	98.231950	10.642025	21.575208
236.525915	98.010508	10.860453	21.700912
236.534563	98.446692	10.921595	21.973789
235.047876	99.011895	10.915286	21.895371
236.503936	97.223788	11.355898	22.130023
242.779391	97.442401	10.938841	23.916327
241.039445	96.909221	11.249546	24.855250
242.548346	97.777254	10.869997	26.089844
242.589614	96.895540	10.667422	26.560265
241.875450	96.568191	10.442842	26.734656
240.516839	97.433102	10.221421	26.604841
240.704145	97.560552	10.110710	26.728425
240.142692	98.009860	10.055355	27.047794
239.505444	96.858547	10.027678	27.708899
238.479327	96.951933	10.013839	27.550915
236.759531	98.002905	10.391494	27.452469
235.542740	97.077604	11.405019	27.367363
236.931115	97.547532	10.994248	26.739972
238.065171	97.562235	10.558529	26.139755
239.518151	97.057837	10.279265	24.798019
240.256409	97.935693	10.139632	23.610127
241.107838	97.432721	10.069816	22.799863
241.184039	97.461284	10.034908	22.378890
241.167155	97.553784	10.017454	22.117505
240.749774	97.875278	10.008727	22.130931
241.115141	98.233036	10.004364	22.147353
240.333921	97.603901	10.002182	22.162600
240.602090	98.232423	10.001091	21.983644
240.797191	98.046681	10.000545	21.812044
241.184174	98.894126	10.000273	21.698138
241.011646	98.334174	10.000136	21.591178
240.946987	98.486279	10.000068	21.630785
240.883469	98.417461	10.000034	21.763701
240.772802	98.415821	10.000017	21.916605
240.854095	98.168599	10.026390	21.917093
241.085340	98.008230	10.047045	21.822331
240.781815	98.748069	10.023523	21.893657
240.951724	98.590266	10.011761	21.944061
241.034452	98.272419	10.005881	22.129869
240.348458	97.915491	10.002940	22.210255
240.289321	98.001696	10.001470	22.024269
240.079629	97.951722	10.000735	21.821805
239.826450	99.061800	10.000368	21.416633
239.638841	98.502995	10.000184	20.958158
239.859633	99.128504	10.000092	20.704910
239.946286	98.473061	10.000046	20.909906
240.025907	99.118169	10.000023	20.978158
238.776658	98.385067	10.000011	21.567522
238.963412	98.372045	10.000006	21.852360
239.539358	97.922437	10.000003	22.092682
239.263753	98.946700	10.000001	22.039088
238.878130	98.418380	10.000001	22.258647
239.097520	98.286090	10.000000	22.250743
238.435316	98.106457	10.000000	22.266050
238.483033	98.240781	10.000000	22.137944
238.605921	98.012922	10.000000	22.205235
238.754850	97.979093	10.000000	22.170666
238.839311	98.191868	10.000000	22.029837
238.798056	98.325551	10.000000	21.942243
238.655118	98.371253	10.000000	21.955558
238.554779	98.345435	10.000000	22.004996
238.295206	98.544712	10.000000	21.983858
237.945112	99.036638	10.000000	21.834030
238.184771	99.630574	10.000000	21.687898
237.946685	100.063787	10.000000	21.459160
236.948454	99.338540	10.000000	21.382337
237.393200	99.529997	10.000000	21.341259
237.647116	99.773417	10.000000	21.289268
234.633723	100.221885	10.230937	21.140418
231.748970	99.143220	11.371000	21.352220
232.306462	98.933096	12.071401	21.650242
231.242274	99.434005	12.727297	21.818068
230.268980	100.204392	13.228100	21.573930
232.872600	99.294248	12.837938	22.015443
231.149185	100.538035	13.065875	21.485790
232.760587	99.088733	11.950806	22.020434
233.315522	99.871471	11.730973	21.899069
236.980026	99.256666	11.254652	22.039269
236.943916	100.242617	11.352820	21.248676
236.382395	100.476497	11.250045	20.631377
236.114794	100.519042	11.061363	20.632426
237.107477	99.036320	10.779270	21.276681
238.339038	97.719926	10.492755	22.440663
239.078811	98.856579	10.246377	23.331633
238.732207	97.174868	10.123189	23.750819
237.761152	96.119939	10.449705	24.995267
237.105804	96.342631	10.468697	26.151496
235.558957	97.625376	11.392508	25.896938
233.927628	99.309121	12.211871	24.940423
234.734161	98.054541	12.819118	24.817615
233.621530	100.242260	13.623885	23.297159
234.127963	99.088761	14.047768	23.282376
234.624922	99.452781	14.415063	22.559618
234.227305	98.815520	14.738240	22.369739
233.216803	97.205902	15.364080	23.001952
231.957943	96.773480	15.701091	23.586870
231.663372	98.835793	15.555386	22.942217
233.116422	98.575229	14.945414	22.793536
232.490154	99.315255	14.820656	22.349260
236.445527	98.064126	13.282061	22.590794
235.987484	98.285638	12.889920	22.432691
236.171896	98.049573	12.101617	22.558831
235.520022	98.356498	11.560598	22.394080
234.812434	98.592733	10.983479	22.282261
235.434573	97.153480	10.491740	23.051058
235.174062	96.918396	10.245870	23.375574
235.977526	96.868498	10.122935	23.424774
235.043784	98.866646	10.061467	22.515371
234.967295	100.269955	10.066770	21.566248
235.804118	100.185101	10.033385	21.117193
236.478176	100.224627	10.016693	20.918166
236.196144	99.746176	10.008346	21.019393
236.069524	99.275728	10.004173	21.064244
235.901575	100.058452	10.351543	20.984736
236.367931	98.901542	10.527971	21.107622
236.727374	100.039609	10.752195	20.873056
236.939206	99.478965	10.659790	21.296694
237.240022	99.531831	11.116161	21.328236
236.666011	99.052278	11.389619	21.624748
236.371170	100.952522	11.865544	20.909544
236.152639	100.937356	12.264575	20.211022
235.947112	100.363488	12.202727	20.010496
235.640663	99.936170	12.159825	20.273804
236.387559	99.239794	12.033184	20.651363
235.916007	99.174448	12.076674	21.229789
236.523133	100.436943	12.514268	20.932573
236.289030	99.841712	12.492774	21.089721
235.473758	99.256352	12.841089	21.444753
235.832293	98.689718	12.545546	21.989033
235.273395	98.165020	12.150457	22.421259
235.235590	98.071939	12.009341	22.440903
235.219732	98.082157	12.036831	22.411108
235.174531	98.083108	11.991772	22.406697
235.504201	98.307588	11.871369	22.647038
235.868145	97.956593	11.954728	22.581353
236.024190	98.084125	11.871433	22.451312
236.005952	98.407540	11.759929	22.606237
235.912396	97.802335	11.764721	22.604394
235.761611	98.190168	11.595789	22.739895
235.677196	97.872851	11.647431	22.564124
235.585769	98.376492	11.453870	22.610532
235.642861	98.654237	11.450646	22.369653
235.710278	98.697406	11.489876	22.298628
235.892007	98.853173	11.521308	22.179235
235.732282	98.131097	11.585460	22.327046
235.890604	98.057557	11.647673	22.284925
236.015041	98.006230	11.762888	22.297601
236.314512	97.948557	11.820644	22.261387
236.275852	97.850122	11.565949	22.703885
235.756255	97.905409	11.304334	22.548629
236.056674	98.197482	11.235002	22.706591
235.852211	97.620962	11.117551	22.639317
236.266225	97.912095	11.146099	22.578431
236.107636	98.062920	10.887272	22.718828
235.997425	98.175462	10.947342	22.528634
235.428189	98.241371	10.949947	22.397070
235.923159	98.306107	11.187705	22.253762
235.566132	98.325522	11.089131	22.157886
235.109830	98.323112	11.052742	22.113391
235.231468	98.047537	11.243126	22.171588
235.463436	97.733474	11.400247	22.274749
235.415898	97.659009	11.576256	22.593118
234.859416	98.481815	11.847883	22.552851
234.561334	98.055380	11.890358	22.313351
233.912335	98.331353	11.898949	22.413312
233.727829	97.652517	11.742806	22.291474
233.931618	98.649464	11.712319	22.359266
233.253724	98.779410	11.996407	22.220180
233.341326	97.857060	12.200682	22.432524
232.565670	97.608073	12.339814	22.371585
233.889644	97.985912	12.384572	22.585696
232.743388	98.325163	12.632769	22.515805
231.908785	98.299164	12.863704	22.392126
231.569721	98.224852	12.816225	22.325543
232.724223	97.565440	12.474280	22.655074
230.525207	98.300220	12.701135	22.590148
231.393837	98.197519	12.896821	22.546456
233.425242	97.083218	12.575289	23.305715
232.477148	97.635493	12.960563	22.661396
232.144563	97.879008	13.236633	22.392261
231.397028	97.958611	13.538738	22.386122
230.464917	98.294259	14.105915	21.940896
230.352836	98.233980	14.284448	22.037999
230.293947	98.030640	14.587855	21.967366
229.711003	98.461089	14.823566	21.892276
230.683141	98.750821	14.826450	21.826867
230.566112	98.253266	14.888211	21.685968
230.529073	98.268024	14.869907	21.811816
230.155478	98.580156	15.030539	21.706993
231.042872	97.390680	14.597765	22.275715
230.452292	97.475526	14.794879	22.296815
231.231087	97.200455	14.281609	22.766042
231.473551	96.740570	13.897841	23.016035
231.354322	97.420306	13.871253	22.959414
230.650327	97.805939	13.900962	22.868066
230.806806	97.232781	13.977393	22.827242
230.933325	96.441505	13.796015	23.145938
231.128518	96.609499	13.747208	23.250565
232.504735	95.804465	13.070667	23.825855
232.937125	94.923048	12.252596	24.601463
233.415156	94.284052	11.694479	25.081558
233.966042	94.631308	11.276306	25.159923
233.680806	94.881144	11.088798	25.027325
233.992423	95.154615	10.836790	25.213997
233.588440	95.754300	10.784387	24.896081
233.722958	95.488801	10.562771	24.823804
233.506467	95.729506	10.281386	24.755863
233.423108	95.229568	10.140693	24.821837
234.334393	94.557399	10.071949	24.872935
234.311060	94.670588	10.035974	25.019447
234.105779	95.067884	10.017987	25.020680
233.789395	94.580110	10.008994	25.008992
233.658843	94.775461	10.004497	25.168739
233.777163	95.168758	10.002248	25.199919
233.708272	94.607585	10.001124	25.246665
233.626104	95.080821	10.000562	25.217810
233.316857	94.628218	10.000281	25.172149
234.581240	94.734460	10.000141	25.260605
233.898664	95.644366	10.000070	25.098300
233.612472	95.379276	10.000035	25.098220
233.420732	95.008643	10.000018	25.134124
234.500190	94.175256	10.000009	25.255936
233.868795	95.202755	10.000004	24.993391
233.501187	94.826527	10.000002	25.035939
233.264301	95.178909	10.050186	25.088229
234.318210	94.333708	10.025093	25.231983
234.091231	94.910460	10.012546	25.134982
233.895972	95.537162	10.006273	25.042147
233.721528	96.327513	10.024719	24.483005
233.968366	96.771061	10.146217	24.011736
233.627384	97.071778	10.073108	23.756361
233.591857	96.511006	10.143478	23.759541
233.891178	96.811610	10.071739	23.770259
233.890327	96.168897	10.076218	23.819756
234.107062	96.318066	10.038109	23.854738
234.123291	96.490456	10.019054	23.913942
234.183009	96.643690	10.009527	23.972713
234.227441	96.220315	10.004764	23.827958
234.398503	96.433414	10.002382	23.880854
234.528019	96.592830	10.001191	23.981276
233.670641	96.548930	10.000595	23.675201
233.777574	96.822310	10.032865	23.753227
233.882066	96.293424	10.016432	23.692479
234.299229	96.458097	10.008216	23.770783
234.353885	96.675264	10.004108	23.836086
234.295984	96.167920	10.012910	23.744134
234.329274	96.371561	10.006455	23.752163
234.629771	96.398097	10.003228	23.892055
234.041730	96.723662	10.001614	23.874962
234.015857	96.330625	10.000807	23.701661
233.941304	96.575250	10.000403	23.739449
234.087398	96.853546	10.000202	23.792715
234.208178	96.254355	10.000101	23.738490
234.407113	96.445408	10.000050	23.766969
234.508109	96.503313	10.000025	23.874855
233.846522	97.173296	10.000013	23.675197
233.906724	96.367378	10.000006	23.710276
233.958166	96.113728	10.000003	23.958582
234.284675	96.348566	10.000002	23.918922
234.297750	96.646742	10.004127	23.885555
234.357507	96.022897	10.002064	23.792977
234.525201	96.057277	10.001032	23.933264
233.771017	96.562641	10.000516	23.767065
233.874847	96.666424	10.000258	23.865458
233.930984	95.926471	10.014837	23.911197
234.193852	95.876713	10.007419	24.104471
234.359097	96.302529	10.003709	23.964933
234.515998	96.499766	10.001855	24.012580
233.868939	96.326665	10.000927	23.744427
234.173671	96.398865	10.000464	23.869786
234.251678	96.479562	10.000232	23.920464
234.541970	96.674005	10.000116	23.939770
233.685076	96.493896	10.000058	23.687815
233.695413	96.739932	10.003534	23.742625
233.776503	96.336902	10.001767	23.610472
234.096776	96.446963	10.038634	23.441310
233.586350	96.424592	10.019317	23.405137
233.934860	96.321069	10.081287	23.387928
234.951834	95.274138	10.040644	23.893996
234.852240	95.540291	10.020322	24.344209
234.936674	95.949751	10.010161	24.398182
235.091506	95.719479	10.005080	24.270277
234.892297	95.497469	10.002540	24.394798
234.942305	95.717155	10.001270	24.563823
235.077440	95.965003	10.000635	24.669193
234.487853	95.684607	10.000318	24.558723
234.705495	95.994667	10.000159	24.630323
234.861688	95.630176	10.000079	24.524306
234.968381	95.742289	10.000040	24.700462
235.185119	95.464584	10.000020	24.519774
234.797617	95.573486	10.000010	24.674181
234.980956	95.933616	10.000005	24.660975
235.372817	95.447339	10.000002	24.614137
234.743132	95.887534	10.000001	24.585861
235.032409	95.650740	10.000001	24.421230
234.504284	95.935216	10.000000	24.521703
234.640147	95.533102	10.000000	24.469021
234.764478	95.571667	10.000000	24.711008
234.958595	95.704286	10.000000	24.840096
235.234871	95.383635	10.000000	24.696361
234.790934	95.563253	10.000000	24.817936
234.893185	95.942986	10.000000	24.797910
235.113666	95.486279	10.000000	24.692033
234.542644	95.688544	10.000000	24.783484
234.828663	95.141954	10.000000	24.740754
234.951205	95.462778	10.000000	24.743820
235.113282	95.707600	10.000000	24.816831
234.611941	95.376780	10.000000	24.712001
234.797421	95.572045	10.000000	24.803900
234.956318	95.651230	10.000000	24.924024
235.182191	95.185367	10.000000	24.796908
234.513038	95.715553	10.000000	24.688529
234.763759	95.287339	10.000000	24.570859
235.060295	95.388171	10.000000	24.759102
234.630925	95.725532	10.000000	24.772940
234.753734	95.488045	10.000000	24.560953
234.823029	95.659334	10.000000	24.761880
235.000423	95.372512	10.000000	24.622627
234.472967	95.628099	10.000000	24.695119
234.658145	95.707433	10.000000	24.853581
234.952513	95.428822	10.000000	24.642064
235.093107	95.546367	10.000000	24.805304
234.671982	95.835087	10.000000	24.828203
234.954778	95.542407	10.000000	24.601569
235.110809	95.799161	10.000000	24.699093
234.619775	95.636258	10.000000	24.505769
234.733955	95.915448	10.000000	24.584345
234.818841	95.393129	10.000000	24.575711
235.124714	94.764606	10.000000	25.119303
235.049836	94.475320	10.000000	25.591363
235.101907	94.470624	10.000000	25.825085
234.831974	94.450734	10.000000	25.684305
235.192216	94.358398	10.000000	25.665370
234.880405	94.193354	10.000000	25.672168
235.320845	94.001369	10.000000	25.671279
234.927816	94.541322	10.000000	25.782059
235.332883	94.333867	10.000000	25.784021
234.954664	94.290559	10.000000	25.692849
235.265643	94.106573	10.000000	25.717552
234.892227	94.532269	10.000000	25.922059
235.259958	94.450685	10.000000	25.769841
234.975006	94.326356	10.000000	25.760160
235.289249	94.107036	10.000000	25.774512
234.903408	94.616393	10.000000	25.881561
235.287395	94.577656	10.000000	25.743704
234.886695	94.553129	10.000000	25.661125
235.186816	94.400954	10.000000	25.690856
234.963549	94.404071	10.000000	25.580962
234.880054	94.369446	10.000000	25.794195
235.210970	94.180577	10.000000	25.778192
234.864440	94.172714	10.000000	25.662894
235.272009	93.923162	10.000000	25.734684
234.854090	94.421836	10.000000	25.919597
235.096165	94.422705	10.000000	25.858207
234.587486	94.417922	10.000000	25.729975
234.894376	94.197491	10.000000	25.790502
235.190887	93.956969	10.000000	25.794788
234.818180	94.574360	10.000000	25.870245
235.092867	94.408179	10.000000	25.869662
234.742252	94.448936	10.000000	25.739302
235.183264	94.323912	10.000000	25.757350
234.778779	94.356522	10.000000	25.673292
235.198039	94.090326	10.000000	25.732114
234.665745	94.481400	10.000000	25.972490
234.961331	94.409554	10.000000	25.866670
235.236425	94.230856	10.000000	25.901909
234.961413	94.315955	10.000000	25.710280
235.318446	94.091194	10.000000	25.741492
234.849091	94.432837	10.000000	25.976360
235.140614	94.358685	10.000000	25.915548
234.801409	94.361080	10.000000	25.815145
235.009453	94.189717	10.000000	25.833302
234.690888	93.922788	10.000000	25.944676
234.740870	94.552939	10.000000	25.956996
235.067625	94.444900	10.000000	25.887412
234.684944	94.472478	10.000000	25.722322
234.896392	94.448619	10.000000	25.618785
235.157995	94.246751	10.000000	25.698037
234.975135	93.232895	10.000000	26.096636
235.757331	92.919944	10.000000	26.592280
235.363721	93.340655	10.000000	26.857650
235.530667	93.106323	10.000000	26.962248
235.372685	93.399007	10.000000	26.962441
235.116470	93.596049	10.000000	27.079738
235.062522	93.195152	10.000000	26.840388
235.304512	93.021119	10.000000	26.861657
235.513141	93.491390	10.000000	27.079364
235.519667	92.995833	10.000000	26.915107
235.092912	93.632444	10.000000	26.983849
234.953977	93.023152	10.000000	26.878980
235.084577	93.544883	10.000000	27.114066
235.022294	93.179326	10.000000	26.867711
235.242394	92.942647	10.000000	27.009267
234.959628	93.111927	10.000000	27.127444
235.414860	93.347517	10.000000	27.182438
234.983641	93.517750	10.000000	27.234442
235.540277	92.994536	10.000000	27.121104
235.172085	93.296597	10.003595	27.102003
234.792797	93.492245	10.001797	27.161985
235.226305	92.947000	10.000899	27.007455
234.825896	93.221143	10.000449	27.027623
235.209655	93.358088	10.000225	27.168689
234.791596	93.897404	10.000112	26.997430
235.282402	93.392989	10.000056	26.858378
235.430836	93.275034	10.000028	26.844212
235.444549	93.167167	10.000014	26.841964
235.466091	92.969381	10.000007	26.915513
235.472283	93.550688	10.000004	27.095180
235.002401	92.999144	10.000002	27.056022
234.455252	93.290734	10.000001	27.101048
234.653277	93.411868	10.000000	27.210548
234.908237	92.886360	10.000000	27.015592
235.113301	93.026850	10.000000	27.107601
234.542873	93.327686	10.000000	27.045324
234.604158	93.475362	10.000000	27.155560
234.799283	93.176146	10.000000	26.869056
234.635460	93.005465	10.000000	26.944095
234.779681	93.031421	10.000000	27.143920
235.056302	93.341988	10.035097	27.174634
234.406463	93.772106	10.018943	27.047720
234.556907	93.272765	10.009472	26.957492
234.788100	93.352759	10.004736	27.115234
234.978747	93.756479	10.002368	27.047303
235.246909	93.352990	10.001184	26.907571
235.100917	93.319736	10.000592	26.884715
234.888333	93.237128	10.000296	26.935146
235.020103	93.278530	10.000148	27.150507
234.270739	93.633664	10.000074	27.161622
233.957993	93.769029	10.301349	26.873818
234.240853	93.871143	10.467422	26.966845
234.418059	93.916816	10.570535	27.055167
234.309640	93.884346	10.656837	26.887075
234.181871	93.614523	10.750895	26.970920
233.720610	93.626496	10.757410	26.979672
234.071597	93.546534	10.742014	27.225162
234.331537	93.691410	10.806548	27.251669
233.856769	94.030919	10.729959	27.094346
234.105235	93.399781	10.719911	27.061845
234.210619	93.373947	10.729071	27.149820
233.536935	93.494696	10.706546	27.121521
233.720958	93.608319	10.604680	27.152791
233.505761	93.538216	10.652435	26.988061
234.316465	93.144632	10.582297	27.062104
234.043472	93.747806	10.667462	27.212416
234.230436	93.722511	10.678450	27.364210
233.654196	94.013002	10.667146	27.174797
234.088622	93.137210	10.657369	27.300246
234.349229	93.052643	10.652190	27.420156
233.855469	93.451379	10.629463	27.233498
233.690205	93.220846	10.703003	27.228207
233.959765	93.322404	10.786181	27.349626
234.286161	93.715129	10.815028	27.253058
233.869880	93.918310	10.846032	27.223931
234.388651	93.267632	10.849528	27.254781
233.961325	93.532124	10.867129	27.258421
234.276856	93.818945	10.988266	27.317970
234.299112	93.580248	11.042807	27.353062
234.370930	93.323209	11.039646	27.356622
234.469711	93.066029	11.020314	27.351736
234.395286	93.908271	11.031763	27.303492
234.471810	93.560472	10.995014	27.367665
234.526666	93.173803	10.983203	27.488068
233.876182	94.246814	10.936425	27.260669
233.985592	93.906246	10.915817	27.384451
234.111113	93.585215	10.891390	27.465163
234.193453	93.234491	10.833067	27.558964
234.153292	93.163754	10.808306	27.511098
233.945377	94.265037	10.798978	27.301200
234.224446	93.870287	10.763382	27.225300
233.717906	94.292364	10.654741	27.196190
233.378994	94.210051	10.655014	27.220562
233.405416	93.541603	10.592376	27.369909
233.301563	93.790284	10.579251	27.474381
233.272330	93.425116	10.552732	27.368503
233.621985	93.424760	10.602327	27.339810
233.868631	93.559706	10.709288	27.251804
233.722472	93.811055	10.737962	27.464914
233.584459	93.191505	10.735408	27.526099
233.658090	92.328127	10.492953	28.107293
233.583863	92.785094	10.422718	28.486453
234.081978	92.149365	10.427574	28.464136
234.041645	92.742579	10.336213	28.579078
233.667054	92.585344	10.370895	28.431408
233.358568	92.345379	10.346644	28.396791
232.667180	92.125425	10.443313	28.299465
233.617981	92.505991	10.414074	28.501064
233.598734	92.148683	10.309637	28.474202
233.497772	92.629323	10.248841	28.711450
233.252497	92.411572	10.230726	28.544554
234.055050	91.873519	10.271481	28.582999
233.890248	92.500972	10.275425	28.645560
233.513400	92.260287	10.268365	28.512401
233.201832	91.907535	10.261532	28.464057
233.868113	92.347657	10.365751	28.611898
233.579551	92.121159	10.376039	28.506563
233.217367	92.738709	10.325411	28.592325
233.753296	92.454254	10.368702	28.474161
233.326846	92.302005	10.292489	28.440883
233.949687	91.967470	10.272989	28.455067
233.466764	92.869988	10.261309	28.334565
233.018408	92.681372	10.216322	28.266033
232.805957	92.790261	10.165082	28.439626
233.740739	92.245769	10.248130	28.351290
232.967695	92.863853	10.134509	28.554846
232.518740	92.401581	10.067254	28.455942
233.010670	92.592614	10.033627	28.569726
232.477638	92.946416	10.016814	28.577466
233.141738	92.317106	10.008407	28.493290
232.508456	92.418344	10.004203	28.656586
232.949690	92.683658	10.031772	28.659469
233.682232	92.063373	10.015886	28.631632
232.760117	92.068085	10.007943	28.729974
233.079109	92.173816	10.003971	28.733618
232.207480	92.552208	10.001986	28.728381
232.395264	92.957839	10.000993	28.646651
232.596618	92.242116	10.000496	28.618798
232.724164	92.361324	10.000248	28.695334
232.937530	92.603628	10.000124	28.718777
233.336474	92.708075	10.000062	28.817818
232.728947	92.066195	10.000031	28.815688
233.022197	92.134920	10.000016	28.911252
232.176238	92.190078	10.000008	28.984348
232.339393	92.362852	10.000004	28.940479
232.280704	92.300357	10.000002	29.046607
232.858389	91.957659	10.000001	28.995784
232.337593	92.523058	10.000000	29.073955
232.873843	92.373656	10.000000	28.945693
233.065673	92.638215	10.000000	28.941511
232.751685	92.179580	10.098194	28.825515
233.019907	91.922649	10.165429	28.852942
233.187688	92.511772	10.335142	28.945429
233.112619	92.901293	10.413407	28.788010
232.875084	92.314424	10.431910	28.808189
232.718684	92.357492	10.417122	28.862114
233.352774	92.439644	10.573834	28.927431
233.106249	92.206567	10.519338	28.843808
233.189567	92.223118	10.532760	28.901140
233.822728	91.855230	10.476846	28.937260
232.825965	91.873882	10.503395	28.979060
233.284300	92.414820	10.456181	29.058978
233.608898	92.601443	10.324794	28.948627
233.686334	91.995513	10.256025	28.796763
233.442269	92.346489	10.208471	28.974135
233.132141	92.298250	10.104236	28.775349
233.408078	91.982218	10.256098	28.670883
233.269923	92.385294	10.184151	28.778328
233.927693	92.053898	10.258981	28.682898
233.938427	92.211019	10.129491	28.797273
233.324715	91.686901	10.064745	28.799868
232.915186	91.792980	10.032373	28.648901
233.599565	91.734366	10.375673	28.590598
232.913373	92.092968	10.187836	28.648138
233.168848	92.432141	10.326535	28.995714
233.048701	92.401753	10.163267	28.865839
232.809799	91.950314	10.081634	28.955362
232.793780	92.467458	10.040817	29.091592
232.436120	92.250421	10.020408	28.969979
233.061760	91.886580	10.010204	29.042918
232.883814	92.406121	10.005102	29.134443
232.908265	92.192064	10.002551	28.997151
232.981637	92.136221	10.001276	28.863984
233.452394	92.511622	10.000638	28.773296
233.180261	92.746312	10.000319	28.850423
232.746649	92.248898	10.000159	28.633142
233.686809	92.187646	10.000080	28.867921
233.297577	92.350909	10.000040	28.901519
233.050600	92.478577	10.000020	28.896127
232.813830	92.597943	10.000010	28.829678
233.549799	91.871866	10.018527	28.733277
233.462654	91.789514	10.009263	28.782227
233.340520	91.926032	10.004632	28.752112
233.318145	92.042631	10.002316	28.806443
233.288305	92.213078	10.001158	28.735906
233.265035	92.272395	10.000579	28.802131
233.411543	92.398086	10.093112	28.868647
234.030212	91.998244	10.471703	28.915092
233.407253	91.841124	10.401761	28.976860
