229.400000	38.000000	14.200000	13.400000
228.969452	37.879836	14.166623	12.914737
227.528526	38.703661	14.139257	12.712300
224.722952	39.185641	14.239286	12.456852
224.145596	38.968134	14.199672	12.191959
221.492570	38.297133	14.314055	11.910276
220.049771	38.458908	14.308123	12.094506
218.458268	39.035886	14.127110	12.234614
216.503453	38.278350	14.131751	12.391553
214.648224	38.695560	14.379883	12.577343
213.098151	39.469742	14.184657	12.311039
212.058087	39.560963	14.046773	12.188637
212.160968	39.133766	14.133105	12.080861
212.602036	39.674317	13.967984	11.983612
211.865576	38.930098	13.989076	11.911175
211.021615	39.500724	14.342932	12.087130
209.365263	39.427155	14.839158	12.242498
208.162516	38.002918	14.935216	12.797561
206.295116	38.645976	14.953995	13.172873
205.307592	38.608738	15.028627	13.327566
204.176882	39.322652	14.628896	13.055753
201.830221	39.159888	14.949773	13.565502
199.956466	39.246408	15.312203	13.511872
198.305612	39.011332	15.321818	13.176677
196.646344	38.611578	15.260844	13.403168
195.549174	39.595320	15.263531	13.475358
193.974139	39.623510	15.092217	13.253495
191.460406	39.267786	15.039827	12.828182
189.796770	39.129086	15.027312	12.941610
189.090395	38.991175	14.629392	13.046120
187.205196	39.590103	14.534656	12.680014
184.681669	40.542792	14.697928	12.722572
182.798086	40.708351	14.544413	12.593581
181.871572	41.579370	14.150206	11.809491
178.336539	41.404455	14.980068	11.945440
176.415271	41.373025	15.474648	12.019591
175.254355	41.703181	15.024309	12.247316
174.052138	42.224734	14.745904	12.267816
172.181293	42.159413	14.888504	12.096535
169.473415	41.613120	14.956535	12.347715
168.320515	41.392498	14.948706	12.557961
166.205651	40.601991	14.915011	12.867427
163.139221	39.878870	15.318203	13.575483
162.696904	41.293058	15.431296	13.527186
160.642463	41.537679	15.601609	12.845901
159.636175	41.979470	15.750818	12.621852
157.468792	41.592645	15.393688	12.690086
155.328615	42.042794	14.955799	13.084312
153.734801	41.515242	14.812831	13.470037
151.094331	41.831757	14.936987	13.470943
150.446084	42.135684	14.486888	13.022317
149.919998	42.830918	14.251270	12.879845
150.240989	42.691166	13.908459	12.717159
151.583703	42.704728	13.666617	12.792629
153.348045	41.440616	13.680011	13.544076
153.397582	41.765300	14.236153	13.628461
153.402490	40.858676	14.869112	14.308793
155.442944	42.054323	14.950740	14.274825
157.711243	42.859942	14.773517	14.135080
159.517246	43.423747	14.649944	14.028409
162.373555	43.581034	14.675990	14.129118
164.853868	42.151114	14.741301	14.559099
164.599332	40.381271	15.885176	16.024846
164.306866	39.078034	16.622226	17.525371
163.669640	37.585787	17.117115	18.788351
162.248282	39.057650	17.106862	18.863802
160.948787	43.788140	16.613163	16.868523
159.723956	43.382511	15.856171	15.751714
157.674786	44.287003	14.971179	14.669124
155.088490	44.570610	14.933200	14.016194
153.800196	44.600576	14.777970	13.616946
152.206684	44.321660	15.046287	13.577682
148.957749	44.443947	15.828055	13.537564
147.745667	44.147753	16.280097	13.794153
144.820916	44.410819	16.660372	14.154211
142.976529	43.553529	16.358927	14.484244
142.176141	43.527759	15.641604	14.485807
139.110228	44.394324	15.751843	14.103193
137.517209	43.920957	15.447684	14.281802
135.733660	44.116223	14.774110	14.034115
132.037297	42.459209	14.766782	14.586282
129.562701	42.659282	15.563403	15.224840
126.067497	41.142834	16.367121	16.224285
125.701091	42.569459	16.520796	16.888949
123.937621	43.272750	16.699893	16.929235
123.054499	43.319736	16.407890	16.974148
121.952408	45.340587	15.208708	15.826173
120.709851	43.662368	14.613077	16.119237
118.740263	46.021801	14.122429	15.024735
112.926281	45.619039	15.290096	14.148166
111.019553	45.582613	15.915990	13.613596
110.379746	44.909965	15.947608	13.910142
109.002959	44.562715	16.024662	14.213049
107.556315	41.559915	16.166517	15.347163
106.761161	43.081669	15.215916	15.144669
104.195660	40.293355	14.596450	16.816215
105.028017	35.241747	15.485242	16.290759
99.916898	44.951655	15.623560	14.789476
97.623125	46.822968	15.515730	13.789089
95.931790	46.979988	15.251269	13.120587
94.217998	47.871204	14.480022	12.681306
91.980533	48.163678	14.569073	12.275333
90.730543	48.717913	14.471771	12.143939
88.710019	48.863639	14.683280	12.151151
86.679536	48.999236	14.687852	12.039156
85.020392	49.024697	14.192853	11.795425
83.384798	48.942067	14.327068	11.840504
81.148731	49.187948	14.360252	11.988978
80.210253	49.283415	14.352874	12.136843
77.957006	49.853599	14.427214	11.931215
75.485138	48.617241	14.869437	12.449986
73.418438	49.101971	14.911052	12.855804
71.079444	49.035477	14.960917	12.850006
68.974339	49.605954	14.857021	12.959930
67.966170	49.966093	14.732651	12.516776
65.419533	49.381476	14.808454	12.395955
64.376065	50.452511	14.867349	12.096698
61.437774	48.792898	15.213949	12.590854
60.915595	49.717820	14.978179	12.717323
60.856769	49.786886	14.201037	12.593066
59.670942	50.754083	13.863292	12.311851
59.056368	50.546762	13.364225	12.265906
60.865740	50.884396	12.745111	12.225178
58.447987	51.041013	13.441293	12.416337
57.977096	49.997133	13.791275	12.766602
60.256959	50.166396	13.837657	13.286453
62.407051	51.019834	13.535099	13.596975
65.825583	52.499986	13.386056	12.912491
69.986562	51.870671	13.419390	12.832598
70.969003	51.917358	14.768343	13.175738
74.190942	50.921139	14.159971	13.802698
77.868775	53.347166	13.648860	13.336236
81.926380	53.194017	13.735328	13.127472
85.001102	54.072425	14.031578	12.819564
87.836832	53.898242	14.296987	12.914096
89.486229	54.806278	14.407859	12.211520
90.095882	54.641022	14.662033	12.257883
91.286021	54.028438	14.638756	12.457519
91.668300	54.237516	14.814712	12.549454
92.550606	54.225252	14.702895	12.586625
95.707994	53.971602	14.240740	12.434467
97.461005	54.290373	14.157911	12.213981
99.805262	54.781426	14.503412	11.853971
102.743115	55.078524	14.571353	11.531898
103.572361	54.866818	14.299373	11.856974
103.742704	55.318367	14.271364	12.153021
105.254637	56.108576	14.338662	11.889420
103.945339	55.911776	14.766740	11.835608
102.728855	56.850410	14.754276	11.800408
101.752045	56.348033	14.400930	11.639554
100.698089	55.319968	13.840298	11.993133
99.782611	55.090037	13.916821	12.040508
98.290483	55.630367	13.600056	12.155997
95.906262	55.709951	13.828816	12.100860
94.202945	55.458978	14.135820	11.912446
93.181872	56.162279	14.281266	11.884300
91.365336	55.940301	14.244321	11.772466
89.153831	56.111582	14.583862	11.430376
87.250310	56.693818	14.592562	11.637794
85.280300	55.759599	14.530008	11.670844
83.988895	55.497006	14.599376	12.104911
84.189869	56.223441	14.372180	12.194273
83.294921	55.808157	14.138787	12.211401
83.117165	56.916708	14.459685	12.239672
82.833720	56.111704	14.882294	12.285267
84.269831	56.804056	14.903692	12.363049
85.997760	57.123966	14.909688	12.599204
88.152898	56.993445	14.394896	12.366852
91.050387	57.482446	14.153050	12.129697
93.827039	57.246864	13.982748	11.864079
95.668250	57.583098	14.037305	11.653961
96.911484	57.939962	14.207618	11.876889
98.642265	58.253626	14.060310	11.871662
99.593518	58.285653	13.767104	11.800438
99.174521	58.270923	13.824382	11.668868
99.734544	58.941377	13.661664	11.603341
99.036498	58.809403	13.634875	11.366188
99.984314	58.993797	13.448186	11.228921
99.215282	59.174945	13.322607	11.188386
100.725299	59.120973	12.920682	11.200447
100.957967	59.957645	12.569622	11.161359
103.028344	59.627886	11.965982	10.940655
102.106049	60.270492	12.111671	10.826466
101.647569	60.138862	12.402199	10.670413
101.079606	60.170703	12.634205	10.900441
100.336171	59.258495	13.150601	11.567856
100.875445	60.558796	12.997140	12.057755
102.892543	62.730509	12.269135	12.932817
104.292779	64.543888	12.998137	16.187390
108.053406	65.435843	14.483578	20.129915
110.586777	65.167182	14.928874	22.135225
114.317145	65.712721	15.204919	23.363062
118.294006	67.102622	15.776798	23.831922
121.984237	68.463291	16.410638	22.963006
126.261412	70.114199	16.711534	22.436667
130.194174	67.155128	16.554079	23.423040
133.114154	67.891590	17.055695	23.620728
134.882463	68.442971	16.738799	23.397743
137.280265	68.172015	16.768231	23.493402
139.687019	68.716785	16.878891	23.887196
141.896794	68.703963	17.124953	23.735486
143.538563	70.297207	17.343109	22.988393
144.452680	70.326591	17.501096	22.520906
145.242350	70.561858	17.361855	22.474676
146.155440	71.230713	17.562284	22.176376
147.315049	69.988313	17.360343	22.309092
147.107977	71.028969	17.293775	22.030541
146.899637	70.849268	17.362425	21.992552
147.071681	70.754910	17.351601	21.930882
147.540502	70.377454	17.296191	22.094836
147.864476	71.330115	17.439002	21.974718
148.065644	71.114091	17.459021	21.929092
148.167890	70.930722	17.480147	21.891876
148.489343	70.327678	17.418928	21.970197
148.865490	71.041404	17.349861	21.890058
148.581416	70.865460	17.243314	21.915272
148.559909	71.277646	17.319607	21.852093
148.774808	70.466126	17.101393	21.989506
148.917473	70.521429	17.305396	21.982756
148.458129	69.995395	17.403588	21.979028
148.513716	69.771193	17.462079	22.159032
148.501757	69.717052	17.537267	22.222905
148.560630	69.917358	17.314687	22.322884
148.723763	69.670473	17.405044	22.415259
148.924972	70.129860	17.486866	22.255406
149.439175	69.193864	17.556830	22.411483
152.479540	69.459170	17.584337	22.316240
156.728080	69.573702	17.494233	22.398027
161.573313	69.803873	17.371137	22.461985
166.145922	69.550966	17.486253	22.362139
171.144347	70.424266	17.445210	22.247663
174.976917	70.459811	17.706470	22.106584
178.055003	70.503353	17.675984	22.091401
179.338101	70.688413	17.719325	21.947204
180.178410	70.522632	17.574714	22.112523
182.438967	70.527281	17.419481	22.144297
183.081057	69.936420	17.256047	22.324014
183.526333	70.803311	17.330802	22.050788
185.428721	70.441912	17.326489	21.931314
186.195720	71.278429	17.423550	21.847400
187.409554	71.088036	17.350822	21.776612
188.098089	71.072112	17.311063	21.954560
189.650646	70.722946	17.199665	21.899254
190.353592	70.904258	17.234489	21.988817
192.987425	70.869959	17.108945	22.146201
193.050548	71.006210	17.036110	22.211396
194.150735	69.883101	16.921767	22.419375
194.930904	70.275383	17.064507	22.217075
195.789335	70.417374	17.076815	22.243275
197.427325	70.247754	17.182153	21.994007
197.536508	70.667676	17.152949	21.907989
197.582388	72.102396	17.449991	21.191927
199.804018	71.906227	17.640543	20.632336
200.047643	72.440310	17.529792	20.469599
202.507976	72.347182	17.661007	20.333300
203.408058	72.227642	17.629532	20.449993
205.538682	72.120757	17.517557	20.501718
207.622332	72.093233	17.537313	20.547049
210.337695	72.090236	17.594857	20.594129
212.001962	72.352699	17.803503	20.589764
214.659926	72.096807	17.735543	20.546729
216.070651	72.678124	17.748704	20.541057
218.662069	72.528594	17.826380	20.557203
219.929739	72.580942	17.995015	20.449698
222.968729	72.488835	18.059450	20.487934
225.735696	72.553151	18.093173	20.465156
228.067286	72.864825	18.103574	20.373735
231.109242	72.923254	18.024878	20.394815
233.107816	73.158713	18.122729	20.305368
234.982328	73.383959	17.994017	20.313852
236.353049	72.671960	17.984468	20.202968
237.810194	73.432554	17.725690	20.231925
239.349037	73.302089	17.648186	20.174108
240.363067	73.696255	17.499100	20.160247
241.667560	72.974713	17.410831	20.207271
243.343022	73.378181	17.454402	20.156232
244.121911	73.518248	17.469019	20.234629
245.706690	72.535766	17.756200	20.269460
248.054425	73.025593	17.875109	20.395218
250.538768	73.310621	17.917591	20.364672
253.885875	73.526158	17.547135	20.492428
255.384806	73.860131	17.807710	20.471096
258.610453	73.481740	17.790414	20.580585
260.083732	73.592884	17.909858	20.483265
263.006345	73.401001	17.962053	20.604237
264.487008	73.602752	18.148570	20.462312
266.780149	73.742460	18.132151	20.410132
270.270314	73.896628	17.936496	20.373839
273.938846	74.197837	17.732689	20.426679
277.074895	74.004598	17.600046	20.577770
278.687544	74.652625	18.140897	20.453390
280.595938	74.448360	18.035848	20.508801
283.015899	74.487944	18.223553	20.472578
284.935887	74.977277	18.432986	20.449084
287.068144	74.482639	18.325971	20.445492
288.795054	74.837062	18.633054	20.468232
290.819542	74.394212	18.305316	20.646792
292.433739	74.762422	18.559112	20.634311
293.785865	74.300605	18.254765	20.699117
296.116532	74.501630	18.394690	20.787959
297.712216	74.184639	18.268527	20.757752
299.372201	75.261560	18.586226	20.373367
300.560020	75.326418	18.452626	20.037585
301.503846	75.374028	18.438769	20.046127
303.034854	75.911155	18.520341	19.823163
305.111926	75.350764	18.395825	19.755586
306.923455	75.184120	18.391933	19.783234
308.911941	75.182149	18.555737	19.718322
312.807098	75.665718	18.390072	19.829701
315.171594	75.358772	18.454184	19.679962
319.802419	75.344605	18.026571	19.932690
323.662553	75.688151	17.981382	19.977400
327.000988	75.911428	18.001610	20.044612
329.354804	76.392392	18.287843	20.027481
333.825936	76.833964	18.264552	19.833231
336.982715	76.763474	18.241520	19.957687
338.726593	76.151848	18.378493	20.034447
340.389200	76.963296	18.377557	20.059215
342.076345	76.507325	18.228876	20.079509
344.344987	76.588101	18.358153	20.046360
345.283145	76.479916	18.289185	20.003704
348.315768	77.275206	18.326844	20.126985
349.892317	77.207085	18.313360	20.151943
350.292440	77.361255	18.460207	20.041165
351.033996	77.475295	18.554985	20.011819
353.700097	77.461892	18.395198	20.068733
354.236891	77.561418	18.335798	20.010638
356.141271	77.000522	18.350837	19.854589
357.735393	76.888941	18.394528	20.069135
359.242565	77.170847	18.573879	20.067073
361.496946	77.011483	18.650110	20.016975
364.908216	76.754175	18.348028	20.113646
366.207837	77.306493	18.505050	20.053707
369.842514	77.723975	18.189895	20.131155
370.861884	77.245475	18.300526	20.104024
373.566803	77.593792	17.990116	20.238572
374.147927	77.297435	18.258807	20.044538
377.385644	77.423149	17.941367	20.335274
378.377359	76.920855	17.905878	20.285338
379.320629	77.022824	17.801430	20.336895
380.171107	77.186748	17.833097	20.336206
381.861508	76.971001	17.574984	20.349342
384.022991	77.057821	17.422982	20.301821
385.322101	77.479423	17.375485	20.390138
387.475147	77.217280	17.392403	20.218218
388.677982	77.514884	17.680477	20.471651
390.030070	77.652660	17.767301	20.495271
391.870024	77.247021	17.070764	20.306614
393.540058	76.779956	16.265353	20.594957
395.488876	76.006182	14.888238	21.279853
397.854012	77.467470	13.017113	20.969260
397.449494	78.529631	12.283809	19.999430
398.885300	78.692851	11.199255	18.871286
399.000000	79.348600	10.599627	18.158221
399.000000	81.713708	10.299814	16.854995
399.000000	81.128496	10.149907	15.942759
399.000000	78.453953	10.074953	16.874331
399.000000	75.351824	10.037477	18.211628
399.000000	73.640217	10.018738	20.066366
370.056564	65.322446	15.307413	17.697370
374.902188	60.495240	16.530023	18.825849
378.326570	57.561556	17.112671	20.705517
382.265577	47.593739	17.244541	25.834410
383.160000	47.521573	18.989724	28.561032
385.946999	46.216936	20.083334	31.151291
390.158267	45.605168	19.400431	33.223101
387.509442	45.678371	20.389844	34.604358
391.589349	45.851704	18.900248	34.922601
392.307348	45.136135	17.796450	35.889788
393.666511	46.982192	16.564970	34.601310
393.295858	49.093621	16.134556	33.531534
394.756022	50.921496	15.189267	32.110798
394.665012	53.429665	14.762127	30.316664
395.192496	53.722919	14.284815	29.212813
397.675250	58.878415	12.804783	26.913007
397.388503	62.955178	12.208140	24.131090
398.801747	63.395328	11.203196	22.515159
398.246741	63.500221	10.978227	21.410582
398.181477	64.147023	10.898375	20.828786
388.118992	70.764647	15.487580	16.774334
387.777393	67.639214	18.355093	16.799097
361.949065	63.834478	32.192590	18.826753
357.142162	59.395538	31.817551	20.583853
359.309965	58.702824	32.876303	22.985613
351.511083	57.569199	35.648013	24.380339
365.325730	55.789612	39.661142	27.268843
355.159782	54.899890	46.750680	31.573634
373.423258	51.702271	41.163711	34.779157
354.477243	54.723217	47.843234	35.472781
385.309604	48.178130	35.766815	41.189529
354.687556	54.331423	44.691559	37.926525
370.324552	52.050192	41.683504	41.302894
357.941185	63.965683	46.371159	35.642088
324.488524	92.791586	65.441318	22.821044
312.004308	106.380984	45.163125	26.781542
314.471645	110.660402	33.119578	25.836429
317.269321	111.871148	26.556933	24.390293
319.605805	112.580771	22.605413	22.623141
321.998324	115.006024	20.583663	20.950497
323.266495	114.447530	19.519597	20.253102
324.238239	114.776171	18.862676	19.678718
325.567742	115.200050	18.992711	19.114824
327.493916	116.035192	18.838136	18.736824
329.213671	116.351711	18.906406	18.405717
331.519040	115.957638	19.012082	18.262368
332.352252	115.733621	19.018607	18.170509
334.770248	116.434796	18.627287	18.354687
334.899531	116.300261	18.563132	18.454092
336.237157	116.529330	18.845563	18.382174
338.328700	116.450398	18.641485	18.460369
338.877874	116.450685	18.904823	18.442210
340.579219	115.673456	19.024183	18.531253
342.046636	116.508585	19.090717	18.434523
343.616035	116.293514	19.139597	18.412111
346.088291	116.954025	19.298304	18.392464
348.512041	116.613822	19.319031	18.402891
351.367496	116.562672	19.272032	18.334549
353.131128	116.518054	19.192818	18.271669
354.909850	116.486194	19.222999	18.212815
356.708152	116.517341	19.119692	18.139722
359.491136	116.659070	19.048508	18.243965
361.245429	117.174893	18.689303	18.318706
363.371107	116.423054	18.911423	18.381852
364.232278	117.219322	19.027008	18.433465
365.085357	117.597049	19.105867	18.536920
366.805410	116.824264	19.053043	18.658911
369.317785	117.591675	19.011024	18.486714
369.639747	117.179296	19.180700	18.514110
372.369331	117.602941	19.147314	18.616756
374.448277	117.774901	19.096448	18.514604
376.073447	117.039415	18.988619	18.629035
377.591691	117.899453	18.766541	18.519268
380.389719	117.252466	18.863383	18.396594
382.781321	117.670405	18.545886	18.247080
384.691117	117.514529	18.349813	18.122267
386.194002	117.788466	18.549328	18.051035
389.388828	117.315935	18.219766	18.051349
390.810761	117.584557	17.687730	17.833882
393.752411	117.933137	16.326146	17.869290
396.367642	118.358324	14.479252	18.018619
379.288010	119.684145	16.274413	18.081645
377.163294	120.560775	15.322094	16.821955
377.950736	120.249765	15.761788	17.215297
382.999933	121.387948	14.836515	16.629940
383.687989	122.144462	14.347990	15.885717
383.857438	122.585143	15.232431	15.514990
387.133094	121.925289	14.976631	15.600286
387.499145	121.831348	14.955368	15.987993
389.079597	122.537797	16.022140	15.865718
389.875444	122.714570	16.413831	16.136223
389.951898	121.172129	16.882921	16.739619
390.478529	121.321989	16.998093	16.045573
390.934565	121.835463	17.040436	15.892287
391.632224	122.212038	16.610401	15.834205
392.936811	122.606056	15.852567	15.701470
394.169135	122.537284	15.225571	15.490091
395.148060	122.519954	14.538755	15.329687
395.940600	122.464663	13.642227	14.762564
397.395177	122.661522	12.515794	14.896115
390.850026	121.082795	14.788783	15.703022
388.706301	121.005817	16.447340	16.585569
387.838625	120.031458	18.547357	16.772650
388.124509	120.954479	19.333468	17.073755
389.559832	119.745473	19.386818	17.510818
370.156024	140.105933	26.889797	13.755409
370.661302	142.052990	24.265050	13.817931
372.256132	142.419721	23.361325	14.398424
376.824708	143.346304	24.497576	18.547017
375.234917	141.502612	26.873274	21.479308
376.243046	142.332654	29.451930	24.873251
378.202559	140.528675	29.790268	25.719001
378.509068	140.344993	30.140600	25.945545
381.300972	140.271109	28.919814	23.959798
381.232551	140.228376	28.343632	21.516652
383.206665	142.194569	26.853957	19.451960
383.216021	141.015143	25.890271	17.715515
385.296223	142.899312	24.578452	17.646685
385.529049	141.392109	23.400237	15.795955
388.054897	142.224475	21.856418	15.190743
388.561076	143.025257	20.863125	14.492957
390.372169	142.355292	19.610526	14.626979
390.381881	143.160593	18.700245	14.085980
392.440007	144.607186	17.060469	13.296179
393.668667	144.430946	15.867698	13.027056
395.683725	145.052370	14.471605	12.911538
397.037058	144.627604	13.217273	12.624600
396.624072	144.979981	12.796600	12.347196
395.456756	145.875334	13.169922	12.118493
397.052754	144.544934	12.558584	13.035318
396.010408	143.445262	12.774088	13.622873
388.640670	130.879039	16.566709	13.025863
385.333223	125.970271	16.033072	12.568722
387.495668	125.516147	16.321036	12.706134
389.510556	126.027634	16.584213	13.410029
391.727690	126.053982	16.138079	13.656062
393.732615	126.418780	15.122259	13.675388
395.571477	126.200624	13.768379	12.800416
397.280250	127.149048	12.539018	13.102308
398.763535	127.257750	11.269509	13.141447
397.668059	126.844761	11.300725	13.818150
392.829401	127.301613	12.793462	14.223745
394.329122	129.573913	12.866850	12.849711
395.619092	129.904350	12.476313	11.994404
396.555800	129.713557	11.670612	11.415243
397.677780	130.091078	10.996737	11.307013
398.320489	130.551460	10.498368	11.742722
396.225059	132.364994	11.235100	11.189153
396.742789	133.052385	10.927032	10.601866
391.262463	129.134500	12.903499	10.811700
383.445052	125.454475	15.816237	12.515929
386.062581	126.375481	14.313943	13.217295
389.580598	124.167224	15.836995	14.539059
387.563131	127.489947	16.153118	14.797051
389.874816	127.219618	16.138404	14.888806
389.977061	127.214782	16.813643	14.946765
390.153093	127.964903	17.344315	14.751583
390.345141	128.615254	17.448108	14.713843
390.617168	130.741591	17.031073	13.613484
392.099188	128.516129	16.538135	13.956331
391.579466	128.995570	16.635524	13.944503
392.602778	129.784216	16.516373	14.064679
392.368739	130.462103	16.422882	14.131764
390.163739	129.729562	17.150923	14.361127
392.345069	128.422285	16.453468	15.402600
390.610691	128.951501	16.795325	15.513105
388.393323	128.333900	18.048750	15.672080
390.820189	128.788965	18.037828	15.972851
390.333317	129.330313	18.352256	15.977254
388.911421	127.907447	18.979153	16.777557
388.494085	128.649744	19.742534	16.664582
360.804824	143.522161	29.639150	19.917016
376.310603	145.040137	29.142069	22.031360
366.175962	141.585518	33.304164	25.579436
375.179979	145.956929	33.005981	24.742677
377.812699	150.255615	30.619484	24.211913
377.823911	147.850097	30.725155	24.191375
378.937208	151.012615	29.641437	22.917033
380.130013	150.049216	28.673493	23.001858
382.251981	149.387576	27.646846	23.481735
375.599941	149.043891	29.643041	22.831927
382.508345	149.810425	28.067348	23.043772
382.095023	150.384471	27.423823	22.117145
351.489725	132.750072	29.417397	22.748332
342.160859	129.551013	27.338838	20.888324
341.566816	131.498186	25.568230	18.958550
345.288160	131.820273	24.510586	17.510781
346.718130	132.329897	23.510971	16.584309
349.217367	133.543490	22.037991	15.690548
347.209159	132.593394	21.995139	15.308849
354.365176	133.522861	22.090731	15.048072
356.474557	134.106177	21.025914	14.239655
358.584650	133.182346	20.789905	14.315234
359.913837	132.977257	20.673021	14.481245
360.455674	132.982604	20.331010	14.557251
360.430602	133.375456	20.093638	14.739854
362.746087	133.134176	20.064981	14.692495
362.859611	133.663618	20.252406	14.723829
365.253851	132.734799	19.967902	14.817098
366.775089	133.451719	20.294748	14.714231
369.894604	133.257786	20.634649	14.727675
371.392538	133.318977	20.557293	14.637893
373.520744	132.961300	20.861719	14.944484
377.128752	132.779741	20.868351	14.987400
377.469350	132.998147	20.580976	15.302224
378.601808	133.418327	20.589898	15.487231
380.808786	134.077862	19.872185	15.362440
383.815094	134.023856	19.765894	14.848629
384.950041	134.093047	20.157555	14.888256
384.846559	133.816482	20.938534	15.266696
388.010511	133.697456	20.769890	15.602412
388.264527	133.832285	20.626378	15.945611
389.002220	133.400226	19.945421	15.950413
390.162566	133.521943	19.391427	16.314714
385.877387	133.589037	21.074373	16.364114
388.885190	133.211556	20.552448	17.500342
393.991556	131.996977	17.780446	18.586045
385.641964	133.797857	20.413630	18.091760
377.495938	130.274928	21.827536	16.936431
392.254202	132.712796	18.931138	17.963403
392.508772	131.537794	17.073182	19.191899
380.959842	133.651238	21.110557	18.562186
361.016825	131.335538	26.503106	19.006173
344.222399	131.028938	28.442440	18.250990
341.363138	131.862742	29.545018	17.555989
340.293335	130.817849	31.772784	17.375132
337.150096	131.846047	34.477081	17.414694
336.030156	129.574978	36.899305	18.104106
333.944759	131.663625	42.109084	18.229051
327.411025	131.912100	49.422092	18.223893
321.031882	132.687917	54.928928	17.251176
311.129334	132.694967	64.073183	17.418824
275.311411	118.265820	80.111791	25.446818
226.736485	99.435384	66.666861	30.070275
228.302822	84.498076	68.202079	38.361199
173.556430	90.707562	85.629196	36.607813
136.092994	45.436449	89.208744	40.689870
103.216561	36.520701	84.341127	48.798535
91.682772	28.303273	84.090417	56.502276
85.163077	37.923280	105.390599	58.162175
65.325226	41.281729	120.164072	55.541733
92.030859	41.794873	127.659322	56.089899
70.449211	36.240419	136.198351	59.630666
108.167627	25.782902	144.372117	65.613574
58.068896	39.894693	137.773293	62.862882
54.707457	39.777990	135.059628	59.720612
85.712468	37.033654	138.940771	59.205687
68.626518	44.662670	134.374286	59.305873
71.986051	47.708627	119.961454	56.306394
98.288677	40.513821	110.658400	55.082835
104.474910	36.903362	117.538680	56.324565
122.708804	34.698760	108.477546	55.893501
106.213065	32.152644	105.421131	58.077511
123.453961	26.890963	85.489759	60.641727
128.690449	36.765042	80.987342	58.327127
138.559047	29.854231	66.669845	58.755151
131.139953	31.009167	59.134655	55.920329
143.746285	26.975011	51.618379	55.888063
155.414518	35.176678	54.595181	56.164759
138.971718	31.622375	65.608111	56.936912
135.382825	27.790017	58.260602	55.143324
138.866463	25.574936	65.904101	59.963034
141.013450	29.205207	52.662601	50.991088
146.249078	27.584464	52.125108	52.294304
146.521696	27.783887	51.350079	52.204622
149.231057	26.840128	60.674181	57.702916
148.169346	26.453612	51.358253	51.335358
153.592330	26.418612	59.425975	55.530087
151.243905	27.002211	66.919771	58.616089
153.641252	28.352669	53.641946	51.914358
162.691290	26.612566	56.424473	55.794293
163.791060	25.062468	53.132794	55.032471
161.233475	28.774815	61.678507	57.733607
161.825796	26.049215	60.133611	58.211969
158.288184	25.705061	52.942143	52.849244
162.881049	26.741742	47.822529	51.304949
170.076424	31.211572	51.794924	51.355176
182.243599	37.092182	54.852740	53.073184
180.026792	30.405376	59.218915	56.769573
170.530998	27.474120	51.080661	52.383018
162.484460	34.628735	68.624025	55.073908
169.545244	27.195001	75.426430	60.581754
174.429909	28.357090	61.426623	57.899737
179.415806	28.294963	50.081153	52.879314
176.978782	27.929448	59.244907	57.132890
181.335448	27.152256	49.259762	51.987353
189.333848	27.303062	58.752344	57.536575
181.715929	24.824773	64.641992	60.588533
184.154663	30.397651	60.162974	56.246642
189.603227	26.002771	47.227044	51.299177
191.928946	30.097149	58.449437	55.918498
184.047631	33.216068	94.452730	56.674045
171.079324	30.452130	98.985994	61.423013
166.983843	32.886549	102.025216	65.795403
180.911273	38.476635	96.764412	60.278407
188.455050	34.747808	85.919258	58.004441
178.127215	32.393993	92.240212	60.886653
174.573207	34.480131	92.851120	61.485376
176.794009	36.247465	123.912956	64.287514
167.957480	33.600462	182.477738	66.977959
251.620254	17.997591	169.928742	75.710865
351.006908	19.136700	113.960917	78.074900
354.186629	42.157835	84.387144	67.046289
232.764051	44.791447	129.687926	62.135958
246.664769	28.213334	145.670875	68.652227
294.026734	15.145821	130.322070	76.888228
233.881373	18.853477	149.623468	79.293685
356.752767	23.968036	100.935351	75.959339
327.014166	38.478059	91.460592	71.216757
350.035102	29.364620	75.212745	70.711085
253.149074	38.053838	115.531836	71.697069
257.319845	30.468767	133.605995	72.917119
290.670496	15.236435	125.967750	81.117728
349.797805	19.866252	92.584972	80.181285
296.355852	27.194512	102.614560	82.944547
279.859070	12.981384	115.877745	87.439231
264.828231	25.662654	130.024757	80.912044
293.767764	28.020596	122.628496	75.208856
258.446331	32.965589	136.591083	71.280190
257.535719	17.088286	144.027682	78.169350
211.556106	30.017317	170.149385	74.785271
181.207382	20.218619	197.844727	78.801651
159.450165	8.734297	221.644059	85.204674
198.745728	23.196452	203.998429	79.778713
217.049462	11.294266	191.540764	85.902090
70.549687	17.565872	246.497952	84.431479
101.983126	7.576732	257.880217	97.714992
59.028428	5.296494	292.385329	124.484457
34.497369	15.385620	328.865791	125.535956
36.878171	5.903548	344.488895	118.782768
21.790083	0.000000	356.460497	117.087737
51.855628	0.000000	353.279168	118.755437
51.752964	5.801722	342.491208	123.769664
33.025210	0.000000	355.085173	123.716174
22.670869	0.000000	356.380035	128.072875
43.838105	0.000000	351.055389	114.872878
29.097779	0.000000	362.233764	134.919948
23.781678	0.000000	363.411743	123.988799
21.222870	0.000000	365.054535	126.054213
49.691742	0.000000	353.520172	116.240588
37.390305	0.000000	358.601517	129.067663
24.935692	0.000000	368.495338	116.914973
36.664029	1.471319	369.644505	131.153371
25.473753	0.000000	372.659182	123.879252
28.832137	0.000000	367.924150	117.063751
30.229545	0.000000	368.448525	127.475494
91.676312	0.000000	341.520375	114.129898
26.959051	3.819626	356.361414	130.665985
29.078739	0.000000	365.812467	127.504747
68.560579	0.000000	347.962950	114.601814
42.443986	5.774524	351.589767	134.732868
54.152520	0.000000	353.218623	127.697900
37.830832	0.000000	359.992246	115.281106
30.525655	2.629185	368.651061	125.951420
53.277424	0.000000	359.385009	115.725610
31.076359	6.542409	368.654325	132.662999
32.914188	0.000000	372.370069	131.834287
40.050546	0.000000	370.659761	124.791100
26.298945	0.000000	376.680408	118.237845
65.123860	0.000000	360.278274	117.058926
39.524090	0.930411	364.877092	122.605566
27.928472	0.000000	370.391656	122.165276
20.511964	0.000000	379.007016	119.724182
35.483413	1.982101	375.452070	128.335342
27.654258	0.000000	378.398906	126.427368
37.869992	0.000000	372.296636	122.384678
18.915954	0.000000	381.190341	130.701789
17.410112	0.000000	384.227922	117.926702
27.560129	0.011050	378.175072	131.109194
25.741019	0.000000	380.717027	127.281568
25.913619	0.000000	380.954217	119.481464
44.646892	0.000000	372.653662	116.799445
36.471526	7.233745	372.591068	143.455226
34.392716	0.000000	371.820086	125.576542
61.866800	0.000000	359.476643	115.994594
40.794330	2.662634	363.841156	122.696645
33.896412	0.000000	369.472372	112.150895
47.818038	7.293778	350.703364	123.428467
25.005139	0.000000	359.076627	125.369912
12.008632	5.067181	375.253493	120.454769
54.761019	0.000000	360.517524	108.610149
113.515936	0.000000	317.696506	110.478104
118.523377	0.000000	282.738993	108.688906
86.092824	3.145456	297.986379	113.826196
48.751464	0.000000	321.677805	133.077987
20.771016	0.000000	352.751210	121.873888
27.470321	14.708833	365.318080	130.618424
26.719113	0.000000	367.930921	129.676476
22.362857	0.000000	371.611273	121.463835
36.837516	0.000000	364.060321	116.837497
50.424424	0.000000	340.351251	120.874167
22.694501	0.000000	352.364499	133.993157
30.521251	0.000000	352.801604	116.516415
114.654467	0.000000	299.123649	115.197614
103.680037	0.000000	293.341945	117.409155
94.518780	0.000000	294.856046	116.095168
115.217128	0.000000	277.507857	112.914470
55.370898	3.136594	315.568480	122.633771
150.741029	0.000000	278.468246	111.496589
134.502359	0.000000	250.746223	107.943040
52.803723	7.117226	290.683231	115.038308
37.848967	5.605725	314.782457	122.083134
39.522392	0.000000	335.573113	122.275598
57.818302	0.000000	342.135601	127.726787
40.479289	0.000000	352.776282	118.291426
104.401777	0.000000	307.791110	112.640475
169.227607	0.000000	262.697397	104.784256
150.266811	0.000000	247.750569	102.919764
55.089667	14.150937	300.830451	115.326993
47.205576	6.556922	327.408817	115.776873
66.967113	0.000000	328.287416	118.324957
34.480466	8.840228	349.101701	123.304736
5.827062	4.441880	372.680733	118.910116
21.407007	0.000000	379.513996	118.742356
19.672702	2.535301	381.891184	112.215660
68.576745	6.722042	353.783711	113.589497
34.632220	17.644221	360.916773	117.339499
0.000000	4.251207	286.977365	106.792754
7.968419	21.536397	306.487614	102.367702
54.120429	4.708132	328.112826	102.853498
54.467537	11.235288	341.322644	100.518939
14.503707	25.810366	345.061255	110.728254
33.105577	8.666242	360.477839	109.191134
20.507293	14.770961	372.599195	108.989004
17.020452	0.000000	380.147101	110.961738
162.124169	0.000000	310.764880	106.529354
34.014727	11.724821	342.237024	101.272642
17.134872	20.199032	357.835355	123.072966
26.762403	12.455223	370.036476	114.464939
16.867372	0.347246	363.045002	115.542124
44.779003	9.653201	363.633000	106.561761
13.856794	6.343803	373.518160	105.372441
10.627776	8.470407	380.494981	125.407061
0.000000	0.000000	318.737965	118.441700
17.532602	9.474268	336.276163	131.337580
0.000000	1.889926	333.086224	121.931748
16.350943	19.313503	349.354361	139.121148
13.779329	9.737190	372.287516	139.882336
1.812430	0.000000	357.420980	129.569541
16.384675	0.000000	353.234721	134.017480
6.861090	0.687794	358.765020	135.504857
3.580896	0.000000	354.530932	132.841265
14.525149	0.000000	368.224191	130.500524
4.146156	0.000000	379.208470	123.410154
34.643030	0.244674	376.782720	126.137771
13.306668	7.205336	381.132876	142.856918
4.221235	0.000000	366.460313	146.207774
2.474631	0.000000	320.573250	129.461300
0.239131	2.245932	296.306340	141.217596
15.201428	5.818864	329.880480	137.627543
0.000000	10.288779	297.537525	133.700353
1.149210	4.768094	317.596293	126.794188
11.883315	11.504155	324.887853	158.214378
5.975252	11.713227	363.956300	143.099300
5.134249	6.381224	362.973817	148.330839
13.937152	0.000000	370.594803	133.863596
5.761592	0.000000	319.332436	120.176385
32.215408	2.121693	330.531025	125.483220
42.862756	2.812938	348.334135	118.683363
19.856270	31.107813	360.541548	132.150695
67.227142	4.560625	351.157203	137.211769
13.600787	3.782697	306.662250	164.876598
2.503263	11.640041	347.252146	169.246794
7.593996	4.115412	353.066686	163.285155
5.587590	4.488905	333.928805	143.131328
3.078695	7.002460	347.973222	154.193578
11.820982	13.474806	362.991067	150.460002
6.216830	10.994289	362.811589	161.691862
9.194386	29.464701	366.223803	170.097731
35.907728	0.000000	369.658037	165.054379
3.128837	0.696318	366.140237	166.165007
13.024562	5.752805	358.666325	161.221984
18.405851	6.424664	310.138247	175.197403
22.753753	15.877240	306.639772	182.429336
40.255165	0.000000	271.615777	163.209490
22.489856	21.201760	292.962872	159.258767
35.380518	0.002882	323.842962	169.823002
47.571088	1.922149	320.193408	147.890917
22.522498	6.590035	302.594812	123.932748
27.658725	35.195928	305.450894	148.618847
23.121416	7.846576	301.402419	169.624754
40.579583	18.201983	266.563636	164.608398
40.234616	0.000000	303.946994	150.060254
46.723845	0.610846	300.219850	129.801703
29.006210	20.748506	298.355363	148.450114
39.994667	15.395293	248.403649	160.193464
34.264240	9.418341	260.202038	146.644202
69.613108	4.058515	299.794465	122.446166
39.380709	23.084409	234.280495	152.813644
40.818030	25.285443	222.063633	166.061890
71.335534	7.366902	266.789965	147.385368
51.085680	9.671883	286.544671	132.826450
73.214171	0.022040	288.151257	115.612768
59.435811	11.586653	301.254477	111.648711
50.878723	14.462388	316.519694	115.911129
56.998525	23.591563	244.797720	94.019472
105.540711	9.805363	274.128504	94.604836
57.358503	21.044121	310.916303	97.542988
90.490963	7.902289	248.271971	102.416968
90.543911	17.127271	283.288848	99.965850
115.608402	5.324346	256.485862	100.143409
81.597304	29.251721	289.996441	111.250122
102.815251	0.000000	298.090595	118.683647
87.809203	3.374516	299.046686	126.850575
24.357402	49.042403	260.124188	141.258127
77.540865	17.760928	209.379385	118.773366
105.353208	17.325464	243.756068	116.467406
139.872493	0.821046	247.303770	113.527763
64.527734	24.162976	276.774108	124.222362
83.622582	11.819670	301.075763	118.213770
80.635447	22.014827	223.533021	92.905332
132.053271	11.411009	237.455346	104.717555
138.320587	6.365382	249.108685	101.451291
100.332662	21.693178	267.526388	118.151358
117.568673	11.420980	259.731204	106.519656
98.692171	14.857222	206.319376	93.250864
141.162376	14.160015	237.078500	94.183392
123.087124	13.755281	259.419896	112.845175
119.947355	9.707635	199.034670	104.659545
97.499221	24.600228	214.785112	132.502212
90.897285	27.756905	187.480034	106.070938
158.985737	18.257733	218.747149	94.453960
132.234105	16.328814	229.926149	119.381659
151.935224	1.654172	223.685906	109.222682
99.704248	25.359469	242.120465	123.807027
94.293251	15.201017	235.358153	122.707850
135.258643	4.666949	221.811431	119.842718
104.861586	15.385198	231.313285	135.471484
149.178362	14.145167	231.403736	112.533231
147.901181	7.830091	211.854471	106.011058
132.001603	19.436862	208.080922	106.754018
117.290714	15.717294	203.470034	111.215010
106.440816	17.500321	218.375505	111.748267
111.857084	11.312253	222.621468	115.211025
127.082026	9.267855	213.050061	110.753134
133.791626	14.509046	185.175482	105.676951
142.938556	19.087222	200.336505	118.313009
179.199574	21.636850	186.814836	99.373946
166.496152	25.142537	184.073403	107.553348
171.049715	23.558623	186.495610	102.600214
194.983204	19.531749	172.724993	96.698071
202.663007	21.136465	173.527124	99.163241
162.334284	24.605743	185.595776	107.448480
139.610054	26.876686	189.719511	105.349656
139.043349	29.086983	208.059104	92.301651
172.391597	26.235672	199.205303	98.342140
188.898308	25.437874	176.093763	106.670761
155.520698	34.802712	196.337951	119.570816
140.441207	28.955139	179.012077	104.336693
179.772929	27.861508	199.321560	90.815914
172.500771	20.867449	193.942198	93.720892
162.839500	26.047017	172.903884	123.413394
190.001349	28.155375	186.565765	101.001173
201.626036	22.123552	174.658088	94.209388
186.212618	26.060529	183.133152	136.853771
130.335827	25.570796	205.913599	145.675687
140.174806	17.119699	199.186589	119.868880
136.207279	23.218484	218.694674	112.585983
149.549863	21.577275	215.999276	110.618122
175.318041	20.457247	209.013539	94.909567
179.800854	15.255369	202.446955	112.352717
176.146684	11.619105	199.620046	100.994962
156.344448	16.875475	212.378794	122.395270
138.456002	21.637860	214.619931	111.645183
151.276893	24.018504	207.589415	109.488905
170.926894	28.027116	207.998863	93.424933
142.778582	31.106809	199.863422	118.556606
85.495694	31.323313	228.297495	129.467329
54.828905	23.462770	258.302571	126.226493
143.060268	4.495976	258.566813	112.283313
81.447099	25.676406	268.723714	117.276315
106.855831	15.131626	274.557932	113.240926
180.240151	13.583712	238.961179	98.209952
79.336464	36.581876	250.061614	125.491695
78.581717	26.038764	274.071243	114.823320
102.358275	13.916183	290.323829	106.425301
134.681010	11.724117	249.748684	118.139096
188.376786	13.835783	217.197927	98.831019
121.770740	21.574191	231.703265	134.217427
35.596143	33.487890	249.277856	147.460589
23.389886	55.188048	244.947583	148.803979
135.581314	5.929847	253.259085	124.812821
118.241565	17.983967	251.899799	118.755925
176.663930	8.411101	227.878648	109.069575
108.296323	18.728519	243.482217	130.003743
114.653414	8.654081	256.454136	117.803950
182.705387	7.961047	233.935457	101.009618
141.826986	28.622217	232.399583	99.765410
121.785414	31.566667	229.588799	102.079231
65.588556	43.922589	255.898693	112.916088
39.527390	42.494608	261.223257	127.457838
75.531825	28.908697	273.748485	126.176745
66.422234	22.760947	259.084394	149.137453
42.227005	32.500099	254.812156	159.043778
56.058574	32.246918	244.972255	169.741448
95.609444	15.436791	267.717893	139.119171
105.997413	9.268212	279.307280	124.267975
113.770743	23.224289	274.757430	111.844612
144.495917	13.732861	264.329773	105.320202
153.901823	14.338000	255.985054	100.057684
134.913073	18.316907	263.875660	97.070323
141.183239	14.757781	254.400690	109.044549
217.927781	8.740684	221.801137	95.894929
110.820125	27.493202	226.011881	124.612015
71.273713	33.791069	245.703222	143.745636
30.898029	35.086151	281.193682	138.440697
63.912000	18.142647	287.799951	131.989456
82.634424	14.602974	298.730420	116.821030
227.297668	21.215268	223.202551	96.715908
167.207606	21.534064	216.751353	107.214281
114.384980	32.103378	221.044927	122.833505
67.585483	38.013901	265.644961	101.838021
118.782597	40.525623	238.725068	123.279942
68.918981	28.135908	252.131013	136.744455
56.731192	32.650699	263.805954	142.615682
25.536680	39.447851	272.430367	152.423663
52.956652	32.278632	303.052448	114.642289
74.446514	32.534553	295.486811	119.976548
42.390878	38.201416	280.794339	140.962700
24.627647	49.173397	282.061781	149.229641
128.055564	22.209292	267.398269	111.865835
184.092124	12.499639	238.095901	106.532428
81.322783	33.658645	250.606911	139.812143
46.602435	45.449367	259.028736	152.923825
10.768978	59.961222	242.163431	154.481302
48.508630	28.800109	210.069470	155.298604
17.823765	67.017602	165.194674	151.157313
76.374761	30.858763	224.050874	151.258840
33.586355	36.274133	247.327256	157.429926
37.759855	64.519636	224.072548	153.742803
17.990732	67.431573	186.942440	151.155615
68.638100	41.232777	229.958372	158.235850
100.560355	42.116708	248.745894	161.756826
24.773207	85.889508	261.757926	140.967181
41.796977	52.068945	232.496425	152.449118
95.377388	19.104337	261.879209	136.032348
113.609748	14.504250	277.065246	119.024982
183.487174	9.272631	251.289036	106.704996
72.663262	41.891486	260.077944	137.434194
12.453348	52.958505	288.156205	146.584673
17.282679	94.605288	213.939759	133.383386
112.492854	25.331741	240.448456	142.978589
29.522555	72.905699	200.044304	141.995421
12.185347	72.870496	175.687237	142.562462
29.671605	53.480264	181.392782	150.655636
68.864700	42.154342	241.865794	160.535147
34.280294	81.587718	258.725530	147.473715
28.367157	52.746747	216.059993	153.401507
106.550825	22.034247	244.380109	131.611963
55.404022	100.240726	177.829341	123.519772
39.285184	56.978701	248.594083	136.104826
24.811047	60.707658	269.365065	145.698584
41.266071	54.533169	203.696327	153.362270
32.902984	65.337999	200.108974	152.012135
38.948514	53.255726	250.336943	152.379870
38.045666	53.039083	232.617385	157.670393
94.512332	29.972195	256.168235	168.317268
4.593566	71.508835	293.383541	156.404216
40.781224	22.284529	258.520590	173.663831
49.082443	61.363019	257.369151	164.150406
56.576528	24.320966	266.808599	174.576767
57.642052	66.280584	281.372531	162.148092
74.959360	17.431557	275.113206	175.420825
70.710146	73.436616	228.153435	158.992104
38.422530	60.567251	260.712506	156.254872
38.734105	40.210312	228.689444	163.922297
56.810882	50.423078	273.023677	164.749610
65.980031	88.150376	216.046423	145.996066
61.157585	40.395090	251.170871	152.957132
72.274629	83.860915	205.699121	142.548109
90.448561	33.729093	243.865002	153.877806
27.695546	59.553220	226.196356	153.429748
44.766494	45.787533	238.464641	160.899261
63.346837	37.088124	274.648397	163.568580
51.419006	89.196892	258.774897	145.185844
69.334455	36.213329	277.866285	161.731419
70.219822	88.953936	283.271811	143.991850
43.802208	72.722383	228.709140	143.634734
41.925401	64.351486	190.767709	146.192977
42.685751	56.464271	244.094945	152.864353
78.157341	36.574800	248.146792	165.122995
63.575777	87.237044	230.245172	146.942976
70.274901	33.887235	271.183896	157.743529
27.668316	64.585317	287.682234	154.579106
42.170765	24.016235	276.038306	170.264643
34.485893	54.660267	264.895053	165.802188
52.892549	16.234533	231.951837	181.832048
80.786375	58.593985	216.099027	169.619031
52.166935	65.476369	199.013968	160.071331
73.994201	66.142909	178.479945	153.815283
82.447377	70.765784	174.126592	149.468440
56.117325	62.707638	179.037944	148.365545
126.765600	96.522914	140.076986	132.395148
69.070961	47.863562	185.890856	146.853237
47.179094	41.219013	260.198037	158.088300
54.620222	64.833735	246.246991	154.627283
95.696461	62.940963	199.486121	153.843160
47.438797	60.266077	194.412273	152.179362
109.231031	67.410804	166.916090	147.538297
34.914257	62.741262	194.706832	147.126601
46.697734	55.282727	202.173812	153.104789
68.841426	62.892632	196.882507	152.694622
45.463855	47.681960	219.825447	160.506331
80.707175	28.461210	216.357487	174.022560
26.440774	63.830538	256.432634	163.096011
52.408373	25.651188	263.618905	170.769594
22.005148	46.087475	261.950352	170.341059
28.198777	48.142786	243.368357	168.592939
24.963674	47.425232	234.335057	168.583853
26.772484	58.735630	231.301333	162.661273
47.940645	51.377523	220.494409	162.991518
11.936735	66.839247	229.219845	156.076135
34.674763	56.384456	225.757941	155.777509
43.865936	35.046930	226.571468	165.561171
43.493711	66.838700	237.513303	157.051841
9.207066	68.037144	245.820304	152.007236
20.040657	52.593679	244.804614	156.091173
63.517312	54.681579	226.321977	158.704797
34.571749	44.184223	228.556725	163.822514
0.172484	72.963606	248.463955	152.898569
4.383794	66.456561	247.249685	145.043340
51.925278	50.318289	234.212627	153.874240
27.236059	67.854247	239.682607	150.926202
16.563828	65.705883	243.968852	150.610160
6.215429	65.916801	257.470418	148.705089
28.397049	47.794026	248.267466	157.429823
13.602300	69.316997	254.263662	151.363547
12.301041	53.168624	257.341868	155.969654
4.943853	61.236474	262.155752	153.476022
10.348465	47.937002	262.166667	157.855328
13.554998	65.310101	262.204519	154.186606
43.821259	31.473563	250.416468	166.228740
0.000000	73.384076	263.388455	153.630666
17.324293	53.313301	268.557203	154.682490
24.770192	81.110852	263.031745	144.477224
5.541710	73.030403	272.588962	141.894038
20.737109	56.381414	260.208811	150.756312
22.315131	81.306887	255.786977	140.198728
8.190309	73.429223	270.566004	139.400458
16.187652	59.482625	264.794400	146.322460
21.059751	71.951487	251.980010	142.777486
34.449101	71.147565	248.956535	143.726031
1.988938	90.573317	254.330242	134.576357
72.104697	58.452865	239.997167	143.996217
14.129594	60.787895	237.605967	149.492241
63.772513	37.917050	236.414281	163.527149
42.497217	55.988692	248.941684	161.769229
22.083537	40.276192	258.600694	168.471292
11.043888	66.366749	276.022179	157.351010
56.891777	18.263415	263.256932	174.363005
45.056528	49.179224	268.575396	170.591890
42.371829	84.974307	263.818933	150.808792
39.784286	84.277335	258.362591	138.315273
36.145056	60.940388	249.286520	144.663969
31.566705	94.870922	203.273471	131.387031
14.670321	74.451301	199.327905	129.880046
48.721122	73.353616	175.442509	127.621164
33.132288	101.525350	156.991213	109.376370
14.923530	99.808777	135.896169	88.937182
18.841894	93.847497	127.576377	88.206964
36.758065	106.700861	112.237964	77.435540
65.954909	104.677698	90.702009	70.772408
76.004161	103.873423	73.832261	67.811546
78.882425	107.460957	63.186205	62.323073
81.350610	110.733642	56.910052	58.451297
82.693846	116.208606	51.440687	53.862869
80.317437	116.738242	49.402140	53.471599
80.820948	116.500247	49.626359	48.927513
84.467466	107.747342	48.389830	49.671011
84.473677	115.775385	47.297483	46.705720
86.032199	110.467451	44.759484	50.753315
83.506351	107.502209	46.809121	50.285017
85.188295	109.781398	47.557779	49.336112
87.325824	109.976911	46.715753	49.238554
85.259115	99.604605	48.348547	54.653081
93.511256	88.552716	47.693712	62.621199
92.349721	114.036880	48.096503	56.453471
98.595385	108.919000	46.063028	52.669992
95.622373	114.796673	47.050025	50.380645
102.369965	108.135783	46.569316	50.701919
99.964623	113.767573	46.082851	48.638191
98.871193	109.203231	47.838611	50.706478
100.279104	112.444430	47.983808	48.950653
100.882230	113.384320	47.210586	49.828848
106.450558	112.971075	45.684692	49.453481
104.282233	107.176918	47.205938	50.605547
105.916162	111.263780	46.972033	48.428048
94.174163	83.710897	53.216405	62.252934
107.473173	112.309374	51.180487	58.769890
110.438113	110.820721	48.231904	55.511778
106.839469	100.562942	49.072453	59.560054
109.506532	112.134759	48.667567	54.027513
111.227635	88.001612	47.088386	61.673394
109.135041	115.721175	48.079250	54.309208
112.990389	114.020022	47.684061	49.401886
111.885753	106.344914	47.474000	52.086538
112.474483	113.041383	47.638604	49.631677
114.042147	108.653822	46.540522	50.125760
112.929383	115.011292	46.408046	47.897463
113.225674	109.826780	45.682220	49.277936
113.360239	114.063105	45.702402	47.666482
115.620822	111.981064	45.249093	47.635195
115.078697	112.992059	44.667103	45.322473
113.530645	117.724495	45.381155	44.701441
115.945622	108.147134	45.689277	47.493959
114.902821	112.716118	46.536926	47.020999
115.911934	111.199579	45.904751	49.514695
114.827732	105.046352	46.990463	53.147376
115.295180	112.185470	47.575247	49.776325
113.617736	86.836896	49.545011	62.712522
114.293575	117.949858	49.802903	54.005963
113.630001	119.382487	49.977799	49.390755
115.625139	119.513308	48.789606	46.842262
118.109443	116.087884	47.616590	44.154276
118.904726	115.656757	46.309153	44.648612
120.846715	115.374387	45.768111	45.189809
122.118741	116.828297	44.766853	45.240226
124.295962	111.779184	44.555406	47.016420
121.419702	113.666416	45.958362	47.308951
124.191796	112.821294	46.572093	48.870008
124.757403	109.911465	46.948412	50.485350
125.200626	114.916858	47.580201	48.322135
131.053150	115.779902	45.458352	47.838630
130.554315	111.168818	45.582537	49.930626
133.075276	115.734015	45.819648	48.483524
136.991471	111.184575	45.409374	51.875547
135.604641	116.485079	46.090416	49.526078
137.676535	110.524706	46.962683	51.005585
137.250398	114.546709	47.380603	48.557495
137.790055	109.448300	48.231540	52.374121
139.501673	115.900123	47.585657	48.299541
143.459413	116.647998	46.993480	50.422149
142.858618	117.747504	46.275983	47.843891
145.873599	112.606898	45.986153	46.782944
145.348053	120.156935	47.709500	44.244465
148.151592	113.818492	47.363587	46.888641
148.693108	112.614257	47.805744	48.229641
147.915596	116.324656	47.159641	48.427612
151.444038	112.398736	46.616291	52.183916
148.949850	114.745475	47.164915	49.610141
150.125150	111.761277	46.082122	53.707017
150.030694	110.950447	47.306461	52.091250
149.765143	115.545930	47.213979	51.101587
151.272088	109.173424	47.496592	52.698428
150.527379	116.478345	47.316917	48.138044
150.152790	116.531313	47.451805	49.813500
152.619736	115.149779	47.974781	52.090809
153.641031	108.003367	48.840189	51.093933
155.532680	116.357318	49.867112	48.231621
162.983457	118.594182	47.386321	50.251753
162.478785	119.558864	46.491922	47.327804
165.465995	112.152137	45.098187	46.709629
161.702892	115.765002	48.646393	42.749634
164.146345	114.210610	47.820662	46.074442
167.072930	115.271444	46.049693	46.785291
167.235552	118.533034	46.905870	45.879246
169.603338	114.701840	46.610060	49.575690
169.877066	104.757942	47.300825	54.884753
172.534110	115.997836	47.833676	50.339073
174.586500	119.238858	45.974783	47.180342
171.405242	121.269331	46.442533	45.550061
174.741661	111.743141	46.784497	45.301485
176.607561	117.440015	46.622752	44.967527
177.178308	120.012238	46.514720	44.483920
182.104165	111.516710	45.375339	48.462304
179.851185	119.773047	46.598625	45.224171
179.734431	115.819147	45.818399	48.496399
177.736346	114.565398	45.475411	49.883862
181.561859	114.794335	44.943112	49.468065
179.598732	121.166097	44.629208	46.673841
181.186544	111.631086	45.235403	46.855443
178.562200	113.542315	47.026221	47.124794
181.429024	108.593880	45.149761	50.576220
180.349440	118.382295	45.684484	46.324975
180.801477	119.187563	45.256213	48.253800
180.322051	122.026493	45.490934	44.668829
180.520641	124.457790	44.862870	42.042327
180.982685	126.844115	46.137246	38.937320
181.157776	123.503413	46.035084	39.683357
180.452908	122.080601	45.702599	40.824072
179.293266	119.101890	47.056194	44.923221
180.350542	110.393563	48.429750	51.275773
182.115785	119.844589	46.288432	49.004878
181.105528	115.848947	46.338079	47.212633
179.069475	114.641531	48.253207	49.091542
185.473849	115.589207	45.969308	50.023917
183.583484	111.961347	46.018243	53.223439
183.592438	86.764690	47.178242	65.702300
184.243736	116.225007	48.967724	56.576211
187.610428	115.881306	49.460148	50.450827
188.736622	106.228519	50.471863	50.309326
191.502371	114.594857	48.584005	48.505685
191.482612	113.006140	48.551412	50.701093
189.681724	107.752877	48.894352	54.069941
195.120384	114.173595	48.237797	51.441932
194.719860	112.027991	48.855751	53.255214
200.364321	115.422068	47.099321	53.261001
201.440806	112.147048	45.622209	50.922130
199.812751	117.149741	47.870701	49.244991
204.680094	118.678588	48.062929	50.624668
208.910542	112.105368	45.623260	50.034046
206.862299	114.080441	46.301477	49.321386
208.805303	118.100910	44.594252	48.208694
209.894900	112.346786	46.033212	52.881275
208.515821	113.574769	47.981139	50.712305
210.941605	114.812084	46.366298	51.291396
211.571528	114.038129	46.621530	50.141294
214.103492	116.906345	44.821240	49.640212
215.882374	111.522678	43.616097	53.155868
212.339037	116.487092	45.470156	50.870577
211.117486	113.894255	45.467876	54.499768
217.638997	111.971762	44.729362	51.989117
215.021803	118.020886	44.408781	49.660284
214.313730	115.171300	45.218875	53.007909
215.493237	109.948155	47.004730	55.261282
214.919518	120.991331	47.772564	51.113996
215.403017	116.427252	49.267816	47.637211
215.991998	111.938437	47.499103	50.448887
217.165715	114.979775	47.028610	48.932840
219.491238	117.239313	49.823662	48.976579
218.704193	118.164303	48.565693	51.425475
220.319754	113.860256	45.706900	50.467681
219.234286	117.492545	47.088242	49.086612
223.772092	111.757491	46.049788	53.166164
222.237384	123.381837	44.961457	48.540262
221.283222	120.952232	45.965584	45.374309
224.648081	112.965434	46.403261	50.766143
224.311858	108.078803	47.030774	54.034847
225.413942	115.054763	48.603762	50.727581
230.140664	113.057746	47.900668	52.355289
229.700196	120.390053	46.492366	49.846407
232.339821	116.661026	47.694202	47.080852
233.975319	114.259837	47.619427	48.913627
235.587807	116.822652	47.058140	48.556204
233.895361	118.842592	46.650434	48.377305
237.582175	110.153980	49.712811	47.922873
237.011528	120.076471	48.945225	44.841592
240.432117	110.987366	46.825165	50.220881
241.169062	119.723274	46.385340	46.924182
244.679376	113.457799	46.756274	50.460462
241.542281	118.826122	46.431089	48.636649
249.340177	115.021535	44.644118	53.006307
247.375529	121.512466	44.938981	51.398410
251.988882	114.325088	44.631163	49.618549
251.169450	123.525643	44.558223	46.263498
252.953515	113.331728	45.671543	47.282731
253.361817	120.975189	45.825184	45.519633
258.825333	117.563640	44.736286	49.275405
258.086268	119.694121	44.339388	48.514804
263.608161	114.891183	44.510144	51.252794
260.939170	117.375854	43.758557	51.680789
259.840713	117.474424	44.686138	52.120534
263.817322	114.050428	45.400890	53.243420
256.583475	117.902262	47.697390	51.604203
263.207576	111.742392	48.475251	51.062405
263.501346	117.737998	47.885300	46.888569
265.891323	117.979375	46.369019	48.079809
263.699640	112.178777	46.127222	50.292371
263.765973	119.040594	45.422301	47.877842
263.766879	115.023636	45.452798	51.007708
261.785787	119.671081	47.861296	49.627780
266.827090	116.839862	46.757654	51.027526
265.965740	116.321210	46.199738	50.744077
267.908369	114.039552	46.490980	50.280816
267.515702	118.437161	47.064601	48.038092
269.525971	114.047347	46.249622	50.200366
267.401854	119.583585	47.108930	47.272291
274.104310	114.098984	46.400187	50.732623
269.759263	116.408544	46.729114	48.922902
270.347617	115.426226	46.285658	49.647996
270.615028	110.361603	47.305974	52.100375
269.424204	118.237005	49.141131	48.836789
276.143407	112.379610	48.199012	53.176819
274.222201	119.444800	47.896417	49.428967
277.113372	113.146777	45.946255	52.460190
275.787420	112.918231	46.879553	49.460655
276.860352	119.549016	47.044513	47.074919
279.343520	112.619854	46.675161	50.514236
278.916103	121.071862	48.480561	46.694459
281.613332	114.818554	47.781508	51.118193
281.184215	112.225110	48.637101	53.233755
282.816463	120.799114	49.760048	50.520178
286.679811	114.694949	48.965357	51.168258
287.946555	116.321383	47.919530	51.639702
298.604812	106.719384	45.478421	54.765055
293.033127	111.889614	47.056011	50.057876
294.130163	115.658961	47.719679	48.930641
292.127778	117.579730	49.052600	48.720451
298.485428	115.582936	47.150463	51.348219
296.543728	114.414133	47.278656	54.147462
296.454045	101.006167	47.327873	60.562943
305.747299	114.418110	44.884624	58.032255
300.095938	89.275135	47.318235	65.287414
298.880347	114.950603	47.779370	60.203987
301.796751	114.722150	46.033179	56.320402
299.506333	119.594389	46.869800	54.394803
300.648150	113.447567	48.954515	51.756018
301.703672	123.525703	47.750563	47.351985
301.932603	118.685397	48.172908	50.025360
309.219176	114.592200	48.868726	52.411358
304.599849	115.836493	47.680177	52.316616
303.508648	106.580838	50.360451	58.207151
302.571773	116.099025	48.795983	56.924804
312.482450	107.460370	47.293127	56.683462
305.274142	114.096353	48.663819	52.012719
305.097831	122.373671	48.264981	48.356106
309.242716	116.508675	47.292971	48.191981
308.407931	117.020803	47.091539	48.304601
307.822828	120.619604	47.933974	49.103253
311.731788	115.176838	47.118314	53.677435
303.369634	104.507465	49.899382	60.037398
305.197278	107.838355	53.456367	57.332241
305.788275	119.157126	53.585294	54.550716
308.771856	105.127116	50.573607	56.603714
310.731358	115.978295	49.043624	55.932772
316.131924	113.415920	46.518165	58.045920
309.623530	112.797864	48.925012	58.071241
310.251672	83.890644	51.898478	65.486441
312.365063	118.509065	49.537803	61.625436
310.347851	115.400259	50.682884	56.253071
314.519095	87.686787	50.318464	67.778685
312.607614	115.737171	49.665126	61.120223
312.601727	118.237311	47.890510	56.237529
313.146824	116.710696	47.656852	53.270416
316.823225	105.238978	49.227629	58.918915
314.007356	112.203843	47.894977	57.602701
312.116463	116.156416	48.278614	54.195462
310.650589	100.863976	51.612842	61.606097
315.198645	115.311595	48.467558	58.186706
314.411994	119.902722	47.242490	53.771070
313.952404	114.319145	47.538773	51.647067
312.864838	115.335130	48.234242	47.983842
313.157042	120.390224	51.624807	43.220565
317.587968	115.847671	50.815143	46.149928
317.692826	117.995795	48.899578	44.853916
314.644995	118.143313	49.051527	42.841995
315.627193	115.365735	49.182969	45.014830
317.099460	122.443123	47.665947	45.767604
316.630323	114.676273	47.891234	51.346733
313.664962	118.397595	47.845609	49.298055
318.112276	106.192133	48.900820	51.551103
315.678061	88.710848	48.495145	59.012368
320.109497	99.892477	46.963063	65.901753
318.337185	90.772347	45.951165	71.589602
312.708973	113.843605	51.771012	58.306338
314.304066	117.033702	49.786301	59.426178
314.558540	121.200400	47.998501	56.000858
313.671106	117.474488	48.931971	54.560007
316.459380	92.238737	48.268315	63.687680
312.814352	122.191572	48.598219	56.609433
312.263186	120.468718	50.528413	53.424023
319.199207	115.917735	48.466553	52.803375
322.178455	117.259675	48.957955	54.002161
316.183929	89.765520	52.965946	61.745050
321.546692	88.139397	51.041477	61.038424
322.834742	117.601114	47.814890	59.656327
322.279243	117.667645	46.042783	57.420653
322.254860	114.024019	46.761982	52.475450
321.257507	113.995962	47.564793	49.548764
319.233423	122.067316	52.763262	44.093705
280.840491	96.938376	64.487836	43.131909
322.174444	111.148978	57.765105	50.622051
318.881167	114.717169	55.741830	49.037655
321.672294	116.017739	55.574666	48.904764
322.126255	117.409477	53.693024	51.801631
318.831064	105.042051	55.613367	59.679838
324.848010	95.650776	52.832460	54.391837
316.040800	117.204984	55.165679	52.924528
321.330239	86.904121	52.140888	59.476237
322.319924	114.562215	50.516895	59.248517
325.046664	109.852688	48.327463	61.550772
323.305003	117.064445	50.419434	56.681316
323.865778	115.915929	48.695635	56.768629
324.201465	116.748714	47.564904	54.887603
325.337131	115.644731	47.896241	55.103906
322.241209	123.036339	49.010367	52.664309
322.875688	118.881440	49.940082	52.196374
328.919798	116.337181	49.317068	53.504504
326.528203	119.939702	47.658095	53.784475
315.179160	108.414202	50.221433	41.205949
323.021245	101.619410	49.933470	45.893082
323.202998	118.090603	48.438073	47.360609
282.572097	96.955661	70.365483	56.923621
313.043012	106.339854	72.257819	62.491241
324.662600	112.325873	66.832154	63.774479
320.638614	104.920934	63.704209	65.975378
323.056122	108.405357	66.127705	63.209445
323.499187	113.202716	62.796684	62.488517
327.424950	113.174844	64.526684	61.735674
326.770563	114.206661	56.770807	60.307967
327.358579	109.160888	56.029487	62.491634
328.812255	114.329946	53.325628	61.127187
327.860669	116.816006	56.030402	58.851775
327.717450	116.945588	55.612953	57.388742
330.581763	115.121920	56.806699	57.567788
329.058486	118.278002	60.315297	58.094841
330.613586	114.355513	57.651417	58.970684
330.032820	116.850598	63.600592	57.402174
334.733233	116.372852	62.628617	58.435203
332.792905	114.364583	60.765906	59.145513
296.238187	100.451523	64.238906	52.611827
334.913392	117.675464	61.673168	53.174415
333.663103	88.379737	59.828363	59.962383
336.538985	103.488698	63.200238	64.317289
336.872095	113.127256	61.816988	60.811833
316.548652	103.230776	70.296712	60.576310
316.050066	107.834784	77.017756	64.075863
300.098304	85.346310	89.102544	76.337225
289.944784	84.567173	100.255347	79.450606
300.739880	92.310569	97.558196	80.990474
268.357144	80.427827	109.569076	77.415773
295.666649	86.128355	104.339878	84.607152
264.267359	91.607491	120.395006	85.220469
255.170367	86.685403	131.538476	89.049936
253.724891	92.784430	133.362553	82.978345
258.779131	99.957089	137.579890	84.439444
237.718184	94.158123	144.620267	95.115455
251.217481	73.813373	150.187499	109.888702
149.289517	90.229998	189.881042	94.936035
187.176106	74.198462	198.889290	103.868511
97.574639	78.793851	240.525089	106.724020
10.196856	102.573696	193.889475	108.455008
9.780265	92.264526	217.068303	109.973133
38.645891	73.944161	201.378001	124.781534
6.289870	101.127420	178.831281	118.062905
6.994787	95.849272	171.254233	116.979023
30.352090	83.663079	211.934619	112.959528
27.448824	80.320783	245.092615	124.136235
5.865798	102.634064	192.124219	118.395342
7.536878	100.039197	170.931960	116.054082
35.145039	117.899887	151.596198	105.718081
18.893700	92.652746	192.438175	99.624463
49.753863	108.687946	163.991007	100.182097
226.597923	90.150562	161.844396	95.540435
124.753977	83.749129	211.179751	110.533329
25.688777	79.560929	249.480455	121.893587
17.352840	105.955732	189.381791	115.501317
30.440258	97.947537	183.187683	112.158041
52.677868	85.109321	249.923340	105.793803
6.093212	88.726663	235.387817	116.085916
32.260891	57.534353	270.074509	134.754025
11.165348	93.426728	216.796272	128.663649
11.636406	82.760131	192.836536	130.082320
8.244196	87.574805	173.924852	129.253758
18.223819	93.354318	167.588723	124.843203
9.629341	95.799810	188.739476	120.529943
34.825373	84.494626	255.510058	123.338545
9.240542	110.535744	213.169992	114.401401
18.809089	94.286153	217.433568	113.488332
39.073847	80.899208	182.565905	124.004275
55.238631	119.570440	147.433042	108.197759
56.342199	93.218724	138.782019	108.844489
51.531190	91.642917	137.627879	114.219856
32.913084	89.512672	172.958936	118.667789
35.607251	72.328874	214.378447	127.860102
49.326337	101.213866	172.280792	119.553540
35.375966	102.150124	162.382286	115.591708
22.512779	102.467073	165.487110	111.055368
41.935915	98.918120	158.215158	112.377118
49.882774	94.775468	149.940175	114.564265
77.698106	65.424059	183.616572	119.175225
10.029502	98.767840	182.258901	116.843712
41.145235	102.740889	169.904917	114.621151
9.965819	96.830773	174.365674	113.970659
46.387548	101.238524	163.848914	111.677655
31.806351	95.172951	162.521297	108.795779
21.081374	95.000353	170.373930	107.392419
43.146138	82.408766	183.039573	114.749966
47.129220	94.011025	164.325229	115.228396
47.099169	80.011095	156.752100	124.519311
40.422515	98.230025	159.277234	116.309811
74.469122	116.699368	140.601599	106.480391
110.392186	129.799156	113.027229	95.803943
91.958512	62.044389	120.960903	118.998193
93.075720	91.069773	151.983648	119.515839
49.952241	82.047999	173.196574	124.520218
29.127570	80.246142	178.859319	127.272515
83.352193	115.320079	145.756125	112.725739
41.929490	97.896098	150.521907	108.131592
52.623030	91.762378	176.065489	91.778404
61.284520	92.417262	157.402808	105.338303
75.373872	89.061462	144.903362	114.609173
70.033484	98.583699	143.321813	109.944754
45.391870	104.082031	147.662097	109.668071
76.003764	121.353330	136.016206	98.836530
123.248554	138.177090	104.685235	87.602980
72.608757	100.146492	130.117863	89.587757
122.191954	129.255781	101.622954	86.960798
197.233518	97.123965	141.046661	61.638818
184.236340	92.659442	181.925903	63.886666
73.270100	90.408538	162.564064	90.598141
66.918602	89.686444	150.143864	106.064863
83.566881	101.942520	134.442118	107.409099
48.616065	93.805647	161.447988	108.273939
38.218599	94.126397	178.210902	111.411715
29.674048	87.835703	176.411428	113.639024
45.418710	100.269682	169.456378	112.843106
43.848613	94.762116	162.404283	111.880884
34.003765	88.489183	197.115311	116.521859
14.761364	84.981856	192.990555	122.647564
48.119205	98.459531	171.359001	118.498472
26.447845	101.727158	173.308804	114.700084
44.051222	97.270116	163.106184	115.316152
65.958181	99.987431	151.075019	113.214988
49.973115	84.893123	152.776180	118.824401
51.930586	91.911304	164.175794	115.324959
39.717366	84.150306	200.872504	121.381641
39.183465	104.288160	175.315830	114.718611
23.711153	82.525868	196.040582	121.497230
20.865852	97.942512	186.089955	118.681415
30.658197	87.153459	180.630831	121.059213
65.707660	104.782549	156.256753	114.715524
30.221740	84.903281	171.190762	113.805546
38.196928	93.416295	179.839842	116.054465
31.960072	103.217464	174.569801	113.251372
28.790436	101.972076	169.891140	110.715969
28.706770	97.916837	164.413984	100.404051
34.286397	94.716164	166.342994	105.790851
49.785103	120.083288	160.957508	98.194356
29.307742	88.760842	169.379480	110.435199
48.578140	83.820596	165.177136	116.843095
67.995939	102.478098	156.257048	113.738053
23.201276	99.477881	164.105544	110.186512
86.933857	104.872586	137.671272	107.975401
44.439530	101.795075	154.678509	106.295192
42.974341	88.019991	154.703695	112.644647
70.121137	109.728072	141.317885	107.154065
66.161175	106.695786	135.080703	108.098978
26.578419	83.028799	151.166115	118.491948
72.661598	81.713708	134.413898	122.566622
66.805723	92.424044	129.143003	120.796106
37.189107	98.786665	145.191962	116.637646
45.036263	83.010308	146.678516	115.545595
31.410349	100.668085	154.538835	106.416383
50.783260	79.476649	156.329560	119.304719
56.762294	91.736659	152.609345	117.710907
61.712231	68.368495	206.199234	125.720612
46.164349	89.129806	180.918259	123.634777
24.879170	89.688604	175.509377	122.531607
56.838997	111.553009	155.396351	112.477504
65.464708	85.017759	140.877420	117.023252
44.655082	88.084484	161.981420	119.111800
23.192331	86.119118	208.712908	122.686511
22.519107	83.213670	207.354394	126.126505
26.648918	81.561636	222.240422	127.764867
57.085825	124.998044	175.836657	109.383411
43.284686	89.998534	183.553689	115.687090
23.625373	83.598015	204.359059	121.923486
30.229555	81.112530	186.505274	125.731358
17.557601	87.735362	200.349774	126.490515
29.550329	94.786787	180.497641	123.850650
59.957932	95.828204	166.950176	117.908628
42.802504	99.366995	157.504804	107.647425
58.736242	107.826072	147.018851	103.561578
33.118996	98.081169	158.556751	108.038598
34.019846	94.547295	155.632616	101.978264
66.683566	111.878426	144.494164	100.970650
27.936073	95.372479	157.971760	110.022648
28.508776	93.675418	161.235758	110.249434
41.625556	80.329119	167.464162	115.794890
37.646440	93.210656	158.590678	109.712944
26.422538	100.014768	168.634893	110.080921
36.461992	90.017260	162.037974	111.637358
88.235949	124.008291	137.234720	99.663569
69.680660	114.571121	132.162629	98.767396
64.885029	108.170082	135.885872	102.438393
55.094841	83.192372	149.461552	114.044918
50.327616	99.289710	149.458696	109.938944
80.894439	108.211502	131.959409	106.012422
32.590269	89.558502	147.547942	99.950852
48.657269	88.051869	149.237411	112.244625
56.995419	90.484698	145.952911	113.100218
48.573109	91.027197	155.413887	113.597728
37.539200	90.579417	180.027477	117.980199
15.762159	88.555368	206.755323	118.845984
33.048642	70.336988	190.614409	131.290195
38.813626	97.768775	177.174926	121.690866
23.056477	94.318066	178.438331	119.518437
55.649544	106.106131	161.268452	113.589259
30.522387	97.419559	165.078836	112.310621
24.495261	93.470396	166.449620	111.862963
35.268160	91.746341	164.158747	115.756849
60.151641	118.038324	151.689908	104.422263
31.696157	96.862367	158.775672	111.024551
32.792939	84.072351	169.627315	117.064079
50.886267	107.909841	157.674764	108.156368
61.509477	93.224795	161.106089	108.762770
66.486930	82.965170	223.855443	105.543941
43.495347	108.226405	187.812144	104.140035
31.099204	94.525103	175.214940	108.480712
42.902139	90.869813	170.668200	111.235397
36.368258	88.081750	242.956659	119.161033
51.410995	103.364427	198.116986	115.535858
43.517790	100.895047	180.108305	112.895496
47.536550	95.313418	163.672340	116.005812
20.987565	82.109457	192.773082	121.307765
38.493201	104.897414	173.389547	114.792299
27.814660	92.589302	206.598025	117.453469
16.912814	91.252922	194.066217	119.502983
60.044570	105.446709	165.841107	112.016228
19.420828	93.707917	171.965552	109.245804
23.379601	93.991559	173.447330	111.673222
23.961085	87.289469	172.068575	113.716925
39.295757	97.275678	163.600358	111.507358
68.040050	94.402141	147.171616	113.037511
52.068905	87.731867	160.022064	117.989157
35.738461	92.619047	201.797089	120.033283
32.330669	83.185317	205.401047	124.862184
38.907429	99.670212	180.131966	120.129334
25.701981	101.441971	183.377148	115.073822
19.875807	98.215363	185.730055	111.542160
52.044828	108.468537	164.087737	107.780045
63.159711	107.718556	150.990798	106.227444
48.862095	96.361792	149.325462	108.607767
52.654427	100.999542	147.014271	108.599046
103.202109	124.256192	119.812017	98.312977
65.123826	93.781939	127.473720	106.946745
39.601462	105.783598	142.888174	105.639880
49.665216	93.833568	147.871447	112.359594
48.785250	86.899477	153.630685	117.859053
33.025421	91.914777	174.005383	117.725253
29.086630	96.722785	171.139426	115.882272
49.896340	110.383362	158.199954	107.601182
39.269793	86.474594	154.254144	102.627442
63.848686	92.287968	146.875020	110.335827
104.619341	120.255873	121.821986	100.797152
108.668448	127.652988	107.152150	93.522962
155.441827	103.878521	154.586291	66.991429
122.061412	127.109656	127.603044	75.730418
123.054988	132.650974	100.715577	73.969770
129.279346	144.444449	84.036003	70.210841
128.339981	143.598217	73.145077	67.788991
128.809202	145.816500	69.769392	64.339339
129.762586	141.095493	67.138778	63.148404
130.000626	132.199984	60.476268	68.847136
122.991869	149.771381	56.828882	64.448667
124.150899	150.623943	51.597571	62.303670
125.409447	146.226550	53.111072	59.544722
126.121228	150.317537	47.701828	60.728698
123.631653	148.514737	46.528660	60.372745
123.614428	152.017400	43.565851	59.167507
124.398288	148.551347	46.912423	56.519386
125.135677	149.449437	43.755051	55.370823
123.252609	149.584416	44.816265	53.140659
