303.600000	101.200000	15.600000	5.600000
304.271192	99.463889	15.553413	7.800000
304.586654	99.216613	15.080410	8.900000
303.797931	99.201309	15.587643	9.450000
304.076202	98.583970	15.984657	9.725000
303.706630	97.862480	15.864152	9.862500
303.660531	97.909869	16.325318	9.931250
304.189882	97.279111	16.088947	9.965625
303.610225	96.777318	16.277746	9.982812
303.997558	96.237099	15.911104	9.991406
303.601008	96.724445	16.337312	9.995703
304.432483	96.220147	16.085712	9.997852
305.058370	96.569880	16.294567	9.998926
304.501783	96.993968	16.037298	9.999463
304.490415	96.407407	16.305607	9.999731
305.299913	96.455368	16.351562	9.999866
305.154072	96.751421	16.345059	9.999933
304.942536	96.636087	16.163157	9.999966
305.276771	96.353080	16.204516	9.999983
305.108385	95.988476	16.217952	9.999992
304.428759	96.307811	16.500666	9.999996
304.839455	95.663703	16.386766	9.999998
304.223195	95.355718	16.327120	9.999999
304.161558	95.566037	16.408090	9.999999
303.855259	95.835677	16.340994	10.000000
303.840290	95.757765	16.283202	10.000000
303.578116	95.063664	16.235562	10.000000
301.429794	93.714007	16.028821	10.000000
301.950900	93.435134	16.033509	10.000000
302.267884	96.155807	15.930032	10.000000
300.995090	93.916236	16.109237	10.000000
299.408871	91.595191	16.207465	10.000000
299.633299	91.842614	16.015708	10.000000
298.387604	90.912493	16.136450	10.000000
299.457110	90.705619	15.745364	10.000000
299.986236	91.343598	15.815426	10.000000
299.281878	92.541275	16.087943	10.000000
300.053964	91.725805	16.069448	10.000000
300.329810	92.216966	16.008894	10.000000
300.977140	92.396695	15.983410	10.000000
300.141002	91.908619	16.019665	10.000000
300.472260	91.515403	15.825198	10.000000
300.577549	89.973127	15.801346	10.000000
299.975360	89.534804	15.730570	10.000000
298.408098	88.550325	15.945367	10.000000
298.043792	88.498948	15.868723	10.000000
297.566895	88.881152	15.495641	10.000000
297.732485	88.967750	15.103522	10.000000
298.511560	88.990871	15.327722	10.000000
298.083252	89.149546	14.940580	10.000000
298.085522	88.817146	14.940969	10.000000
297.614268	88.478977	15.289272	10.000000
297.793046	87.126858	15.487757	10.000000
298.078261	86.446636	15.595118	10.000000
298.543568	85.929521	15.594302	10.000000
297.977364	86.552550	15.759709	10.000000
298.386166	84.948297	15.864570	10.000000
298.469512	84.200229	15.946106	10.000000
298.935466	84.456649	15.839218	10.000000
297.932337	84.894575	16.211923	10.000000
296.670293	83.845728	16.586544	10.000000
297.666312	83.794335	16.620044	10.000000
298.176956	83.142239	16.022016	10.000000
296.518503	81.985043	16.294740	10.000000
295.935934	82.390237	16.113860	10.000000
294.428474	83.551565	15.760959	10.000000
294.154120	83.043814	16.114434	10.000000
294.431685	84.867243	16.006997	10.000000
292.961391	82.893732	15.706619	10.000000
291.307723	80.946248	15.528403	10.000000
291.802820	80.263714	15.355198	10.000000
291.703730	78.047567	15.420695	10.000000
291.649190	75.271918	15.860777	10.000000
290.726436	74.784074	16.148979	10.000000
291.358121	73.634172	15.975332	10.000000
291.249578	73.835157	15.636808	10.000000
291.027621	75.512617	15.385166	10.000000
290.952815	74.828584	15.611802	10.000000
290.896322	75.638115	15.503570	10.000000
290.964460	75.214415	15.362461	10.000000
290.695764	74.314507	15.644071	10.000000
290.995291	74.643426	15.669231	10.000000
290.769223	73.444672	15.843678	10.000000
289.954773	72.948789	16.121633	10.000000
290.267634	72.437832	16.151770	10.000000
290.195686	73.967531	16.115161	10.000000
289.696467	73.029599	15.906020	10.000000
288.608788	72.642186	16.175640	10.000000
289.009930	72.289286	15.766309	10.000000
288.160199	71.678182	15.933692	10.000000
288.247597	71.365181	15.790136	10.000000
288.387571	72.089280	15.649395	10.000000
286.482650	70.888291	15.514364	10.000000
287.279492	71.359229	15.157220	10.000000
287.277462	71.193270	15.419855	10.000000
287.234347	71.333094	15.523676	10.000000
287.255169	72.030828	15.196971	10.000000
287.226111	72.301826	15.399401	10.000000
287.367090	72.419425	15.270751	10.000000
285.856271	72.663980	15.470221	10.000000
286.462566	73.606206	15.326728	10.000000
285.663053	72.630013	15.687032	10.000000
285.006969	72.670774	15.682098	10.000000
284.946958	72.250052	15.721682	10.000000
284.858433	72.023624	15.575456	10.000000
285.142049	71.094873	15.599613	10.000000
285.180562	70.956645	15.753991	10.000000
285.218844	71.500447	15.496047	10.000000
285.053319	71.075970	15.675335	10.000000
284.572044	71.531083	15.694871	10.000000
284.527580	70.779913	15.800729	10.000000
284.814875	71.030196	15.785516	10.000000
283.353295	71.446894	15.796800	10.000000
283.418005	71.050330	15.668332	10.000000
283.243877	70.261661	15.699579	10.000000
283.104043	70.924996	15.630007	10.000000
281.929723	71.060464	15.747082	10.000000
281.495482	69.681629	15.716846	10.000000
281.693786	68.739880	15.522238	10.000000
281.252310	68.125077	15.319935	10.000000
281.292962	67.116704	15.499392	10.000000
280.561493	66.851272	15.321679	10.000000
280.079021	68.004582	15.318885	10.000000
279.427663	67.931982	15.382890	10.000000
278.913280	69.047945	15.374485	10.000000
277.670076	70.792037	15.233061	10.000000
277.096448	72.983252	15.115332	10.000000
276.931303	72.723719	15.104757	10.000000
277.719171	73.119026	15.343910	10.000000
277.218145	73.162525	15.411561	10.000000
277.969975	72.428046	15.058907	10.000000
277.297964	73.475068	15.014112	10.000000
276.920075	74.203796	15.039470	10.000000
277.179234	74.343277	15.018790	10.000000
276.767190	74.791133	15.071974	10.000000
277.317944	75.234522	15.253791	10.000000
276.745496	77.436128	15.251778	10.000000
276.184807	77.005251	15.370815	10.000000
276.644271	76.076501	15.420809	10.000000
276.406941	76.108009	15.498597	10.000000
275.948000	75.755054	15.313539	10.000000
276.075331	76.502927	15.478095	10.000000
276.320980	76.324323	15.487587	10.000000
276.081736	76.570929	15.115200	10.000000
276.088224	77.915404	15.267271	10.000000
276.654796	79.824615	15.300546	10.000000
275.872147	79.407901	15.078452	10.000000
276.052594	79.536798	15.475157	10.000000
276.667530	79.434147	15.333134	10.000000
275.484537	79.137258	15.348235	10.000000
275.224418	78.191940	15.329202	10.000000
275.475265	77.817394	15.308609	10.000000
274.876144	78.600612	15.161455	10.000000
274.866009	77.908712	15.269158	10.000000
274.956650	78.869280	15.151759	10.000000
274.957139	80.051205	15.066862	10.000000
274.772501	79.300023	15.356069	10.000000
274.553052	78.552951	15.216729	10.000000
274.289141	79.934025	14.873173	10.000000
273.731075	79.692464	15.040295	10.000000
273.921232	79.136331	15.000581	10.000000
273.549226	81.234787	15.077528	10.000000
273.499005	81.044333	14.734107	10.000000
273.336595	81.538403	14.851364	10.000000
273.163465	81.528540	14.866077	10.000000
272.993696	80.926564	14.922899	10.000000
274.039563	81.778169	14.803184	10.000000
274.546913	82.036656	14.919835	10.000000
273.712069	82.204778	15.267739	10.000000
274.094782	81.601996	15.044816	10.000000
274.428443	81.642506	14.904717	10.000000
274.530132	81.785430	15.240415	10.000000
274.534026	81.559139	15.398944	10.000000
275.610433	82.073015	15.142560	10.000000
275.846922	81.973349	14.801421	10.000000
275.562680	81.047499	14.699534	10.000000
275.187618	81.737202	14.391341	10.000000
274.477776	81.687737	14.407660	10.000000
273.776318	82.042617	14.475664	10.000000
273.000802	81.992297	14.439213	10.000000
272.425158	82.485037	14.436244	10.000000
272.468022	82.256480	14.586106	10.000000
272.660461	82.432502	14.563875	10.000000
272.265364	82.399142	14.861577	10.000000
271.619804	83.029884	14.574798	10.000000
272.127128	82.818779	14.607582	10.000000
272.301040	83.645849	14.498178	10.000000
272.090340	82.968726	14.538022	10.000000
272.166118	82.502763	14.458801	10.000000
272.132938	81.571658	14.592012	10.000000
271.815614	81.343189	14.480263	10.000000
272.224415	81.782076	14.539821	10.000000
272.839627	81.974801	14.367626	10.000000
272.170499	81.468264	14.390614	10.000000
272.679437	81.615644	14.367300	10.000000
272.977982	82.580702	14.362969	10.000000
273.039596	83.762000	14.212650	10.000000
272.814198	84.783562	14.200271	10.000000
273.576652	84.648063	14.403692	10.000000
273.763728	85.092551	14.125048	10.000000
272.720266	85.130528	14.137104	10.000000
273.102144	85.131599	14.197309	10.000000
272.228307	85.169674	14.560976	10.000000
272.459823	85.597355	14.907475	10.000000
272.563287	85.654237	14.958110	10.000000
272.573879	86.165334	15.020593	10.000000
272.372424	86.118938	15.213812	10.000000
272.508382	85.741185	15.521708	10.000000
271.920913	86.507515	15.440020	10.000000
272.064122	86.008697	15.256638	10.000000
272.392738	85.369660	15.177734	10.000000
272.219072	86.397388	14.960968	10.000000
271.429756	87.024352	15.135938	10.000000
271.948257	86.094993	15.070886	10.000000
272.473628	85.926221	14.936177	10.000000
272.224443	85.669138	15.129652	10.000000
272.168074	84.849098	15.211197	10.000000
272.235845	84.772676	15.300161	10.000000
272.481811	84.605441	15.293817	10.000000
271.892222	84.518223	15.269538	10.000000
272.341776	84.205860	15.329225	10.000000
272.660257	84.726540	14.952188	10.000000
273.134680	83.834934	14.909602	10.000000
272.529431	83.680260	14.863745	10.000000
272.907575	83.383905	14.813101	10.000000
274.132773	84.422364	14.731381	10.000000
274.997788	84.040355	14.711049	10.000000
275.883382	83.411898	14.994942	10.000000
276.203452	83.191320	14.986048	10.000000
275.628113	82.334549	15.072282	10.000000
276.330872	82.076166	15.219720	10.000000
277.502134	81.648763	15.132625	10.000000
276.792483	81.632460	14.958491	10.000000
276.937851	82.109983	14.727841	10.000000
276.746796	83.010293	14.849986	10.000000
276.564861	83.592720	14.905151	10.000000
276.128373	83.696825	15.083792	10.000000
275.918489	84.314768	14.768370	10.000000
275.566757	84.565507	14.862855	10.000000
275.263189	83.782340	14.800755	10.000000
274.679836	84.173802	14.827794	10.000000
274.703441	84.298273	14.963108	10.000000
274.127536	84.579845	14.784874	10.000000
272.437175	84.174155	14.969456	10.000000
271.386946	85.063112	15.011876	10.000000
270.133709	84.157692	15.380399	10.000000
270.364344	83.473889	15.228385	10.000000
270.275163	83.813777	15.245645	10.000000
269.449606	83.850239	15.505176	10.000000
268.836186	84.893609	15.308730	10.000000
268.983540	86.121068	15.117800	10.000000
269.118748	86.180821	14.826260	10.000000
268.844648	86.165602	14.537513	10.000000
269.102356	85.680098	14.390851	10.000000
269.053236	86.696025	14.340801	10.000000
269.183747	86.544188	14.129817	10.000000
269.323027	85.800674	14.141435	10.000000
270.092726	86.661330	13.933875	10.000000
269.939501	87.047231	13.693405	10.000000
269.084003	87.323987	13.667545	10.000000
269.416610	87.114562	13.645631	10.000000
269.023935	86.610956	13.779403	10.000000
269.186939	86.655893	14.097540	10.000000
269.585325	86.928463	13.878280	10.000000
269.194840	87.043317	13.768334	10.000000
269.303470	86.856497	14.076582	10.000000
269.964708	86.157734	13.799188	10.000000
269.558928	86.468513	13.666695	10.000000
269.290907	85.504466	13.696857	10.000000
269.399201	84.540460	13.823629	10.000000
269.717605	85.209344	13.724705	10.000000
268.892959	85.547600	13.592567	10.000000
269.195088	85.798712	13.558932	10.000000
269.814847	86.407889	13.495255	10.000000
269.584634	86.123000	13.330297	10.000000
268.950922	86.421700	13.375678	10.000000
268.881155	86.469872	13.316457	10.000000
269.012793	86.440011	13.387957	10.000000
269.438546	86.072678	13.444315	10.000000
269.070456	84.692012	13.524508	10.000000
269.038274	84.414455	13.444411	10.000000
268.742123	84.412241	13.377641	10.000000
268.621315	83.887405	13.525235	10.000000
269.141139	83.573320	13.244223	10.000000
269.291367	83.389501	13.129469	10.000000
268.721169	83.930561	13.105397	10.000000
269.099663	83.989911	13.158022	10.000000
268.411595	84.148804	13.281068	10.000000
267.313502	83.676280	13.538054	10.000000
266.991958	84.017582	13.514871	10.000000
268.172173	83.698242	13.414152	10.000000
267.993481	84.146986	13.316083	10.000000
268.067986	83.609175	13.270415	10.000000
268.688503	84.466210	13.318439	10.000000
267.982851	84.814998	13.429323	10.000000
268.684976	85.418723	13.352520	10.000000
268.443045	85.637117	13.126433	10.000000
269.075473	86.446960	12.877768	10.000000
268.854534	87.686230	12.686589	10.000000
268.417733	88.586781	12.723022	10.000000
