255.200000	75.000000	51.200000	20.000000
254.672663	74.853563	51.054935	19.525961
258.741541	75.787814	50.593517	19.179532
261.953215	74.955568	50.512909	19.102255
265.105763	72.972569	50.225000	19.094135
267.218418	73.539398	50.354602	19.132233
270.945580	74.097048	49.853719	18.961866
274.284174	73.452805	49.326192	19.122162
276.562843	75.894261	49.426382	19.220966
280.276086	70.363842	49.047719	19.467197
283.350931	63.950577	48.473248	19.232735
280.101000	55.037586	47.594982	19.209606
279.079436	49.137256	47.547310	18.818028
279.805584	46.274957	47.451593	18.652747
279.753745	41.653156	47.009223	18.735806
279.903737	40.135604	46.386735	18.487481
279.399841	41.014134	45.530585	18.472583
279.325757	42.084390	45.394494	18.523551
279.706361	44.826878	45.364827	18.500774
280.529301	49.213254	45.072344	18.406382
280.500472	50.237822	44.787673	18.349817
280.119551	52.850515	44.848289	18.358210
280.357180	53.531339	43.947208	18.436327
281.188942	55.778691	43.934996	18.416362
282.399335	55.757258	43.433930	18.303831
283.385176	53.570841	43.140114	18.012296
284.552929	56.827025	42.995821	18.012918
286.244935	60.404243	42.964452	18.027635
287.887703	62.174827	42.367064	18.118638
287.738244	62.230114	42.265126	17.959225
290.034023	59.459274	41.996592	17.847992
290.951766	59.649155	41.585487	17.930878
292.653636	60.234856	41.038570	17.724518
293.929020	59.498133	41.033953	17.465940
294.910493	57.638030	40.842984	17.317906
296.246860	56.483163	40.584284	17.122782
295.233913	56.428721	40.471427	16.999154
295.271413	59.228913	40.368871	16.929340
294.977893	60.991591	39.966906	16.968572
294.414689	61.748858	40.147115	16.901476
295.673143	59.245418	39.944974	16.806611
296.995716	59.425134	39.454020	16.632895
297.348441	64.258550	39.432037	16.492914
298.081023	64.150461	39.051647	16.396525
299.164429	66.731346	38.990911	16.571743
300.429500	69.312124	38.940436	16.550329
303.009870	70.871726	38.539342	16.636560
304.464859	72.916111	38.410228	16.616497
304.468715	74.487602	38.157424	16.641548
305.321730	76.122515	38.072216	16.549631
304.938931	77.970725	37.921053	16.617204
305.924295	79.648151	37.626199	16.468640
306.269083	79.002199	37.246941	16.125421
307.844797	77.277780	37.021263	16.022586
309.801136	78.365845	36.930132	16.028533
312.238620	80.261353	36.885989	16.206611
315.366782	84.070582	36.505508	16.207525
318.647723	85.684502	36.070213	16.242771
318.490262	91.020763	35.876299	16.004319
318.022462	95.320136	35.965569	15.956647
318.089388	97.373500	35.461907	15.942396
317.734945	95.502683	35.176861	15.889796
319.042382	91.644721	34.881476	15.971258
318.691261	86.929571	34.590850	15.796256
316.575951	82.744223	34.500829	15.961633
314.839519	78.636323	34.216906	16.051730
311.305882	72.588574	33.823213	15.771823
308.178419	69.703612	33.574223	15.682008
304.755926	67.410424	33.331551	15.591769
301.262995	66.475489	33.153343	15.334013
296.834935	65.132452	32.751661	15.077006
293.198541	64.350698	32.541146	14.925116
291.922813	64.392946	32.346812	14.955965
289.485263	64.032587	32.248714	14.793353
288.575414	64.596461	31.918385	14.931307
288.180798	66.082502	31.794237	14.901430
287.989744	67.013889	31.688965	14.869603
288.213857	67.989356	31.466630	14.643433
287.964665	68.414795	31.145704	14.570682
285.732459	68.335819	30.932049	14.357262
284.331763	67.042752	30.635052	14.309367
282.650962	64.413996	30.666255	14.366213
283.058105	64.363144	30.448935	14.194820
283.788055	65.182251	30.236610	14.364803
283.992251	65.909738	30.066600	14.314067
284.348985	65.598136	29.757150	14.124212
284.504036	65.453395	29.712717	14.092149
285.231358	66.415928	29.515597	14.313274
286.112678	65.892343	29.585971	14.092788
285.716256	65.585987	29.463357	13.992817
286.606899	65.381547	28.908095	13.906108
286.828238	66.190486	28.726231	14.082738
287.129852	65.705790	28.450961	13.927808
288.028562	65.419438	28.398015	13.797950
287.805834	65.416898	28.188561	13.762194
289.378382	65.747908	27.912876	13.961519
289.394306	66.316431	27.662027	13.976340
289.570999	66.088236	27.591486	13.649725
289.425610	65.439701	27.244684	13.529541
289.827930	66.478579	27.128848	13.670629
292.267212	68.259822	26.061587	13.550805
291.062859	67.771984	26.545763	13.363083
291.326132	66.792450	26.245285	13.307713
290.383906	65.639409	26.053696	13.244322
287.897131	64.774418	26.811710	13.133938
288.833429	64.823088	26.540418	13.158307
289.551893	64.604259	25.865189	13.173710
289.773550	64.411072	25.420910	13.003059
286.522207	64.258190	26.235707	12.853413
286.414000	63.326277	26.126712	12.763121
287.116993	63.510666	26.089568	12.924664
287.336043	64.817152	26.020786	13.077963
288.572056	66.223334	25.599943	13.123804
287.293083	66.482608	26.065532	12.808160
287.005377	67.065927	26.115357	12.986906
287.050162	67.637671	25.843605	13.014001
286.884575	69.170599	25.736841	12.926023
286.779499	69.534301	25.485079	12.728631
284.319732	69.712104	25.873347	12.632398
284.980237	69.638820	25.456914	12.485505
284.557550	70.885593	25.473077	12.571317
284.280224	71.015874	25.499384	12.439749
284.275713	71.093130	25.028454	12.349218
283.716621	71.958704	25.161632	12.498713
283.958484	71.868141	25.172016	12.275334
284.947147	72.702731	24.645613	12.346181
285.248010	72.689452	24.537404	12.166059
284.439451	73.669041	24.778908	12.080433
284.514478	73.394711	24.658384	11.952972
282.477717	71.335038	24.127227	11.948958
282.034301	70.030633	23.382640	11.898490
278.398832	69.990032	24.078389	11.646622
278.644783	69.752899	24.246519	11.506695
277.591508	69.547233	24.122323	11.367970
276.956570	69.853199	24.219874	11.389481
276.978542	70.537634	23.711306	11.587980
276.922108	70.621135	23.918684	11.412369
276.986327	70.707979	24.243545	11.379656
275.528242	71.312351	24.751195	11.351246
275.736646	71.192676	24.775571	11.354458
275.625012	70.700587	24.540971	11.383695
272.914343	70.557143	24.678142	11.275323
271.332331	69.429746	24.104072	11.199469
268.572781	68.771108	23.978117	11.059214
265.854598	66.820564	24.437949	11.121621
264.848968	65.737804	24.163496	11.018143
265.193376	65.458409	24.060338	11.002323
264.758433	65.294691	23.782665	10.876718
263.568007	65.395583	23.764801	10.789319
261.514018	65.261247	23.636501	10.812026
260.988417	64.984658	23.612255	10.637626
258.603232	65.812865	24.698997	10.583825
259.813946	65.718105	24.918825	10.447735
259.772279	67.345188	24.957665	10.610756
261.922079	67.690535	25.124310	10.506990
262.549051	69.246528	25.184296	10.421720
262.535810	69.725548	24.691255	10.210860
263.677275	70.440371	24.382874	10.133248
264.381210	71.348143	25.072123	10.188145
264.787580	71.462674	24.776757	10.094073
265.524334	70.592578	24.201449	10.047036
266.951543	70.965014	23.927827	10.023518
267.485972	71.614541	24.397144	10.011759
268.459900	71.990182	24.268938	10.005880
268.476226	72.926912	24.533233	10.002940
270.204480	74.122209	25.094270	10.001470
271.520111	75.148541	24.733283	10.000735
273.066189	75.294037	24.816702	10.000367
273.701931	76.322755	24.806498	10.000184
274.584517	76.909015	24.314793	10.000092
274.777944	78.510086	24.471166	10.000046
274.742733	78.545316	24.425627	10.000023
275.245692	79.497647	24.398021	10.000011
274.271732	79.920737	24.486193	10.000006
274.459943	80.789437	24.478204	10.000003
274.816489	80.732769	24.346428	10.000001
274.685380	80.730712	24.118273	10.000001
274.101597	80.386749	23.520834	10.000000
274.738105	81.282054	23.771892	10.000000
274.359487	82.711856	24.080934	10.000000
275.114115	82.196422	23.728615	10.000000
274.932469	82.515106	23.511877	10.000000
274.824048	82.558168	23.428087	10.000000
274.451875	82.570675	23.526677	10.000000
274.347263	83.100169	23.629908	10.000000
274.305820	83.181302	23.913268	10.000000
275.269121	83.954825	23.770253	10.000000
275.294798	84.157594	23.891815	10.000000
275.767780	84.462918	24.013049	10.000000
274.786771	84.503060	24.083955	10.000000
274.670211	83.328335	23.871661	10.000000
273.806767	83.539982	23.621931	10.000000
273.853715	83.269199	23.572942	10.000000
273.662219	82.476867	23.190208	10.000000
271.783619	81.157907	23.197474	10.000000
271.232341	80.256103	22.926917	10.000000
270.249281	80.325347	23.132722	10.000000
269.741494	79.576625	23.066850	10.000000
268.475935	79.250042	23.333012	10.000000
267.082256	78.460192	23.094538	10.000000
267.106343	78.431614	23.042020	10.000000
266.208768	77.840059	23.252012	10.000000
265.906717	77.866748	23.027627	10.000000
265.290373	77.091671	22.961007	10.032058
263.065234	77.244315	23.298671	10.077824
263.129536	76.956913	23.221220	10.038912
262.941702	77.203084	23.272626	10.142556
262.874890	76.672255	22.981409	10.071278
263.377836	76.968703	22.555810	10.035639
262.968753	76.545651	22.418258	10.017820
262.924169	76.027484	22.482426	10.008910
262.672906	76.235316	22.355298	10.004455
262.405604	75.921519	22.342102	10.002227
262.140410	76.357121	22.085476	10.001114
261.754729	75.812446	21.721477	10.000557
261.740035	75.563211	21.477824	10.000278
