196.000000	81.600000	16.000000	20.000000
195.935636	80.978323	16.222877	19.717987
196.132234	80.639006	16.513659	19.518394
196.431751	78.091140	16.654492	19.786147
196.218761	76.529315	16.798252	20.085196
195.647366	74.178031	16.758022	20.134173
196.488224	72.428056	16.989681	20.469345
197.895693	70.826874	17.051264	20.556832
198.515553	71.392046	17.155089	20.566226
198.523822	70.330882	17.300625	20.709151
197.743754	68.200586	17.297052	20.739361
198.496885	66.453793	17.158156	20.672227
199.273709	65.923668	17.281875	20.899801
200.354945	63.754899	17.314161	21.158639
199.886935	62.628675	17.358899	21.308991
199.153788	61.889660	17.453294	21.293748
199.392658	60.353732	17.463673	21.174464
199.505297	59.284864	17.503049	21.385384
198.966288	58.056337	17.516077	21.542072
198.267808	55.073790	17.843730	21.977119
196.064017	49.439240	17.666788	21.907560
195.825216	48.520521	17.677493	21.894279
196.217192	47.419121	17.698530	21.980429
196.083400	45.063776	17.845250	22.189255
196.444689	43.920033	17.765092	22.202970
196.229234	43.346079	17.789797	22.253990
195.142751	42.997683	17.880408	22.518828
195.583051	42.946675	17.920859	22.500478
195.422841	42.681147	17.910758	22.559924
196.693496	43.880933	18.087464	22.631733
197.130597	43.918122	18.147926	22.651551
195.705031	41.578055	18.434736	23.128581
194.973273	35.773176	18.413591	23.040920
194.876021	37.202701	18.324521	23.060271
195.367849	39.030867	18.398245	23.210040
196.674490	40.492538	18.492567	23.487276
196.925145	42.151158	18.611495	23.461278
197.645883	42.849460	18.733325	23.520041
196.815507	44.061463	18.891265	23.409856
197.610361	45.133806	18.876531	23.454219
197.798985	46.644274	18.851856	23.651848
198.651397	48.084902	18.990281	23.854777
199.974702	49.960708	19.077025	23.946619
200.072894	51.659429	19.224859	24.243153
200.739139	52.947973	19.259816	24.261147
201.456013	53.863077	19.401988	24.304813
201.381805	53.069840	19.316994	24.459039
201.411977	54.224800	19.371088	24.639619
201.549328	55.265491	19.398171	24.745718
201.851942	55.400924	19.503622	24.945211
201.780853	53.077354	19.602825	25.239901
202.462168	52.284901	19.524775	25.330640
202.778975	53.860186	19.602301	25.714897
203.354410	54.838135	19.719732	25.936266
204.058792	56.870163	19.740044	26.142664
204.789484	56.892581	19.869318	26.191516
204.326764	56.905253	20.007262	26.303897
205.272782	57.772866	20.197906	26.584473
205.579123	59.584144	20.311586	26.681563
205.959454	61.348213	20.384643	26.747584
207.278397	63.255071	20.475925	26.942722
207.317688	63.603833	20.609291	27.009786
207.220250	64.730459	20.778571	27.108867
208.049872	66.365432	20.765390	27.122443
208.133219	65.313243	20.910738	27.115981
207.172436	65.915414	21.018062	27.191925
207.032558	66.746130	21.106637	27.667473
206.559993	68.662976	21.367054	27.891950
208.057302	70.827146	21.333262	28.055989
207.136339	72.631056	21.536192	28.211238
208.679314	73.782166	21.420795	28.353211
207.923861	75.487402	21.535047	28.355651
208.549503	76.324102	21.677693	28.492878
209.172236	76.623631	21.835279	28.762723
208.675549	77.570515	22.059246	28.972783
209.509828	79.338957	22.279986	29.043133
209.366856	78.931582	22.561325	29.280539
209.248781	78.810225	22.845930	29.592086
211.104062	81.772610	22.959308	28.904588
211.799712	83.520051	22.518167	28.050401
213.220467	85.251883	21.730949	26.137702
214.738442	86.785555	20.445305	22.908691
216.257860	88.820142	19.304121	20.101685
216.831916	90.349974	18.556424	18.233921
217.613649	91.709707	17.246138	18.132431
220.251393	95.927696	21.038917	23.957380
222.252462	92.639209	21.715464	26.466978
220.031362	90.090100	22.466658	29.561376
219.358153	87.286914	23.335019	30.358683
223.911020	110.222282	20.241213	25.936522
224.394121	108.470458	17.813825	23.051951
222.304432	103.666795	17.219124	23.667244
223.768823	102.301438	16.568106	21.159448
223.622588	103.615019	16.579278	20.336944
224.252348	106.336366	16.458318	18.878056
225.652245	107.558536	16.628944	18.474810
227.016718	110.858046	16.784956	19.147884
231.606969	113.892241	14.894499	17.858238
231.767553	114.655349	14.969862	18.714560
232.828779	116.669697	15.121268	21.628415
233.412912	121.098700	15.634814	25.475962
232.615307	120.721514	16.726170	26.066524
229.659158	118.542892	18.513297	28.130487
229.304611	120.033651	19.942902	29.715420
230.790890	122.656973	20.617809	31.158066
231.228732	124.134191	21.624498	32.321114
230.960266	125.232952	22.416111	33.279360
231.320497	127.412474	23.421641	33.843184
230.509230	127.949116	24.142156	34.402727
231.514250	129.598883	24.299307	34.688254
230.477772	130.060669	24.762482	35.210271
231.203778	130.833049	24.960181	35.777713
231.018683	130.605364	24.963766	36.350810
230.548087	132.871902	25.534192	36.562872
231.521978	133.415953	25.544539	36.920043
232.731487	133.412811	25.656204	36.980527
233.438023	132.521754	25.575356	36.481852
234.355434	131.773813	25.522331	36.486667
236.492513	131.503096	25.816405	36.035629
238.702494	130.267885	25.724985	34.650394
239.569533	129.089868	25.686826	34.448086
243.317874	132.234817	25.237252	36.027922
245.155657	132.119816	24.664613	37.053613
246.838664	131.757594	24.284165	37.059321
247.528434	131.319382	24.234364	37.713224
245.884069	130.623754	24.769423	37.602311
245.540288	130.758201	25.907638	38.967451
248.412771	131.164137	26.252776	39.020332
252.335342	135.344528	25.772160	38.481298
254.820676	137.255664	25.391532	39.245036
256.754028	138.740061	25.144719	40.470088
258.522483	141.680210	25.953122	40.755747
261.311520	142.502846	26.145652	39.192883
262.800317	140.097627	26.003421	40.408986
263.509832	135.973421	26.798018	42.111798
264.331487	133.076358	27.263601	44.065172
264.138361	124.543782	27.668383	46.087098
260.129424	122.111516	29.795903	45.387208
265.457208	124.217225	28.913165	45.070515
264.624262	124.865495	29.463198	45.002911
266.725038	123.047533	29.439860	45.528660
267.292971	124.566425	29.730288	46.135920
269.131911	124.410946	29.614903	46.584466
269.685642	122.936011	30.022851	46.882643
271.196297	122.718403	30.698268	47.126535
272.346740	122.102483	31.107030	47.891923
274.640749	117.245963	31.909273	48.891524
276.815077	115.471978	31.771788	48.779218
278.225923	111.914693	31.474100	49.011719
276.452496	105.295177	32.262237	50.135248
274.023015	98.024188	33.166275	50.483295
275.557751	99.322197	33.040855	51.494398
276.680227	101.760745	33.647932	51.749491
278.616086	103.545384	33.721290	52.180536
280.563292	107.283418	33.939817	52.249654
281.069679	107.549205	34.026120	52.327120
282.902528	108.256674	33.952189	53.266807
284.915355	112.867485	34.238839	53.559156
285.801889	115.614375	34.838694	54.042987
286.946923	109.668146	34.684421	55.315074
287.031519	106.789589	34.955026	54.795454
287.468663	107.271641	35.227500	55.159898
286.639113	99.899213	35.944196	57.423325
292.582731	99.007301	36.561759	58.011496
297.219390	105.391774	36.725629	58.050851
297.880241	111.839355	36.795201	59.333289
299.877142	114.480284	37.124075	59.318740
302.525575	116.044493	37.293063	59.324676
305.506554	106.637018	36.782215	64.496258
305.368098	105.934231	36.973238	61.841738
306.276414	95.496529	36.703097	62.910741
308.279515	85.002189	37.408050	64.255820
311.873863	80.518977	37.622638	62.900531
314.700585	81.780191	37.844295	62.224971
318.608940	79.962074	37.757519	62.624487
320.423452	81.639245	37.870413	63.229367
321.417508	84.635947	38.225646	63.599005
322.809975	83.049269	38.095150	64.085281
323.259131	79.287512	38.322286	64.988853
324.602250	84.127649	38.585414	65.285511
323.734500	74.910663	38.704126	66.502451
321.063169	75.369008	39.537818	67.152299
321.506253	78.987180	39.841056	67.669198
323.857788	81.243776	39.766056	68.555836
320.257189	72.918453	40.026705	68.264788
319.686097	74.363522	40.393710	68.795991
317.576676	70.059323	40.860958	69.338524
316.292013	68.664575	41.040914	70.769726
319.362012	78.799148	40.846755	73.088293
321.993971	92.409846	40.883054	74.033397
324.509670	105.252049	40.841096	75.889894
326.995664	118.576459	41.022169	76.577126
329.460204	131.789285	41.038846	76.479351
331.671949	145.128581	41.888609	73.240351
335.396172	158.140669	41.625202	65.549841
339.956274	171.858276	40.294912	54.845782
342.432525	183.785518	37.759633	43.239219
344.178699	197.219904	35.730103	30.769852
