237.800000	103.400000	7.800000	18.800000
237.481573	104.057905	8.900000	18.298665
237.503615	103.694750	9.450000	18.089768
236.796812	103.776017	9.725000	18.147364
236.249028	104.639428	9.862500	17.954016
235.165700	104.246788	9.931250	17.834405
234.647915	103.774157	9.965625	17.639243
234.592639	103.857327	9.982812	17.632515
233.987693	104.093349	9.991406	17.656447
234.219989	104.326023	9.995703	17.836186
233.550202	104.137664	9.997852	17.977931
232.390549	104.222761	9.998926	17.927234
232.653101	104.279210	9.999463	17.839482
231.365229	104.253773	9.999731	17.655721
230.679070	103.890110	9.999866	17.112054
229.819707	103.574729	9.999933	17.579359
230.060772	103.408737	9.999966	17.630297
228.784966	103.231180	9.999983	17.616923
228.834494	102.874289	9.999992	17.507010
228.036442	103.114075	9.999996	17.531705
227.035565	103.270856	9.999998	17.652287
226.719461	102.049827	9.999999	17.825876
226.259757	103.164837	9.999999	17.914616
226.093845	103.136352	10.000000	18.024141
225.545837	103.420621	10.000000	17.836948
224.320126	103.492664	10.000000	17.667139
224.029794	103.483266	10.000000	17.883354
223.878785	104.218303	10.000000	18.060354
223.421086	104.199107	10.000000	18.324301
223.240695	104.158305	10.000000	18.161528
222.627329	103.540760	10.000000	18.072808
221.712689	103.010464	10.000000	18.092305
221.345821	103.337620	10.000000	18.353906
220.963884	104.139185	10.000000	18.114986
220.717730	104.235044	10.000000	17.778766
220.016824	104.166359	10.000000	17.583104
219.142604	104.626601	10.000000	17.512660
218.167621	104.138221	10.000000	17.723524
217.351067	105.086087	10.000000	17.767452
217.600412	105.620824	10.000000	17.766853
216.962754	104.870774	10.000000	17.766073
217.583862	104.897007	10.000000	17.921500
216.515312	104.524665	10.000000	17.693718
216.182663	104.076802	10.000000	17.841788
215.950847	104.160317	10.000000	18.112959
215.378897	104.179103	10.000000	17.834084
215.259150	104.217748	10.000000	17.863279
214.551791	104.591417	10.000000	17.661511
213.507037	104.234682	10.000000	17.467226
212.909412	104.345974	10.000000	17.762366
212.072232	103.311930	10.000000	17.830984
212.347992	103.855762	10.000000	18.307764
213.035877	103.662044	10.000000	18.573584
212.115841	104.039745	10.000000	18.729753
211.738071	103.216321	10.000000	18.859677
211.902765	103.528897	10.000000	18.749188
212.257883	103.742602	10.000000	18.644457
211.249598	103.275495	10.000000	18.575001
210.680273	103.854991	10.000000	18.525415
211.311107	104.186890	10.000000	18.412690
212.371403	105.761493	10.000000	18.405881
212.826810	106.190971	10.000000	18.117822
211.809342	106.598720	10.000000	18.149092
212.142630	106.232925	10.000000	18.031439
212.678925	107.038558	10.000000	17.939989
211.724813	106.520705	10.000000	17.837805
211.448841	106.478008	10.000000	17.968667
211.712841	105.951483	10.000000	17.893195
210.535579	104.631704	10.000000	18.072974
209.821720	104.415096	10.000000	18.251627
209.582597	104.534341	10.000000	18.311127
208.582355	103.881371	10.000000	18.233933
207.807486	104.415848	10.000000	18.296116
207.706686	103.966468	10.000000	18.333159
207.004431	104.214851	10.000000	18.652258
206.093767	104.558671	10.000000	18.846844
205.781015	104.885857	10.000000	18.749738
206.227485	103.745611	10.000000	18.648117
205.046490	103.857241	10.000000	18.599299
204.258669	104.105028	10.000000	18.357623
204.798481	104.086592	10.000000	18.217135
204.286742	104.604093	10.000000	17.877445
204.779007	103.764630	10.000000	17.479298
204.600462	104.434359	10.000000	17.263678
204.194485	103.927106	10.000000	16.870079
204.128969	104.529705	10.000000	16.702413
204.301713	104.183992	10.000000	17.742641
204.899468	103.016554	10.000000	17.026982
207.059143	102.944506	10.000000	17.354196
207.811056	103.602670	10.000000	17.186987
208.350833	103.755761	10.000000	17.037737
208.705844	103.568171	10.000000	16.430467
208.874899	103.893963	10.000000	16.591939
208.548003	103.099445	10.000000	16.792129
207.447125	104.193048	10.000000	17.499979
206.217706	103.922474	10.000000	17.709891
204.229124	102.783838	10.000000	18.047025
203.914946	102.086153	10.142222	18.085545
201.013476	100.357705	10.929689	18.519778
201.234995	100.275993	12.234152	19.243129
199.841279	100.486042	11.826609	19.290741
200.290222	100.548997	11.486877	18.621362
200.699935	100.135937	11.187192	18.124831
201.196079	99.601341	10.772724	17.962444
200.548415	98.512167	10.391347	17.858231
201.179999	98.914773	10.195673	17.928465
201.368005	98.750170	10.097837	17.427221
201.082017	98.032376	10.048918	17.442893
200.716677	98.249688	10.024459	16.782831
200.799036	97.687935	10.012230	16.493102
201.123754	98.586052	10.006115	16.185927
200.568423	98.296844	10.003057	16.431278
201.032496	97.910930	10.001529	17.144287
200.993737	98.215445	10.000764	16.188207
201.533934	97.465792	10.000382	16.206707
201.249599	98.193687	10.000191	16.987773
201.810204	98.058508	10.000096	17.691647
201.381817	98.685059	10.000048	18.512595
200.590169	98.622431	10.000024	18.900392
200.315052	98.102678	10.000012	18.443998
200.328473	97.840893	10.000006	17.032473
200.911837	98.652514	10.000003	16.721447
200.506264	98.406324	10.000001	16.380525
200.503906	97.941047	10.000001	16.272752
200.137372	97.268019	10.000000	15.742242
200.410960	97.809658	10.000000	15.643132
200.128500	97.959942	10.000000	15.996160
200.870774	98.073290	10.000000	16.438996
201.133591	97.898032	10.000000	17.229973
201.457898	97.476578	10.000000	17.634677
201.265843	97.317014	10.000000	18.198522
201.039029	97.292396	10.000000	18.767097
199.968578	96.912419	10.000000	17.738265
200.504096	96.636428	10.000000	16.203398
200.254384	96.837463	10.000000	15.334436
199.728661	97.024950	10.127329	14.769334
200.895797	98.324563	10.063665	15.797778
202.744544	98.409557	10.031832	15.238594
204.319546	97.908625	10.015916	15.458198
203.747764	98.279814	10.007958	16.325648
203.682379	98.337545	10.003979	16.700952
203.920397	98.276676	10.001990	16.791225
203.616762	98.077195	10.000995	16.975447
202.413261	97.712949	10.000497	16.793494
202.447118	97.694022	10.041790	15.562884
202.354474	97.530407	10.020895	14.663459
203.673596	97.588413	10.010448	15.079736
204.902823	98.157280	10.005224	15.728001
205.682954	98.263986	10.002612	15.228677
206.863240	98.251882	10.001306	14.721723
207.123070	96.900548	10.000653	15.325571
208.337979	96.273275	10.000326	16.274738
208.854406	96.296998	10.000163	16.353678
209.544407	96.198297	10.000082	16.425016
209.377579	96.363302	10.000041	16.202403
209.290876	95.804526	10.000020	15.919023
209.951098	95.324643	10.000010	15.935911
209.762896	95.615556	10.000005	16.229473
210.525763	95.645072	10.000003	16.334282
210.906067	95.554468	10.000001	16.547654
212.216246	95.606023	10.000001	16.057492
212.254711	94.514358	10.000000	16.177005
